3.05175781e-05
-0.000213623047
-6.10351562e-05
-0.000213623047
-6.10351562e-05
-0.000274658203
-0.000213623047
-0.000213623047
-6.10351562e-05
-3.05175781e-05
-0.000274658203
-0.000122070312
-0.000427246094
-0.000152587891
-0.000213623047
-6.10351562e-05
-9.15527344e-05
-3.05175781e-05
-3.05175781e-05
6.10351562e-05
-6.10351562e-05
6.10351562e-05
0.000122070312
0.000183105469
9.15527344e-05
-6.10351562e-05
0.000122070312
-6.10351562e-05
0
-3.05175781e-05
6.10351562e-05
0.000122070312
0.000122070312
0
0.000183105469
-0.000152587891
-0.000152587891
-0.000244140625
-0.000305175781
-0.000335693359
-0.000427246094
-0.000427246094
-0.000427246094
-0.000305175781
-0.000305175781
-0.000213623047
-0.000183105469
-0.000244140625
-0.000366210938
-0.000335693359
-0.00048828125
-0.000457763672
-0.000671386719
-0.000457763672
-0.000671386719
-0.000732421875
-0.000762939453
-0.000701904297
-0.000732421875
-0.000854492188
-0.000732421875
-0.000640869141
-0.000793457031
-0.000549316406
-0.000823974609
-0.000701904297
-0.000762939453
-0.000854492188
-0.000823974609
-0.000885009766
-0.000915527344
-0.000885009766
-0.0009765625
-0.000885009766
-0.000885009766
-0.000946044922
-0.000946044922
-0.000823974609
-0.000946044922
-0.000823974609
-0.000854492188
-0.000823974609
-0.000946044922
-0.000823974609
-0.000915527344
-0.000793457031
-0.000793457031
-0.000671386719
-0.000579833984
-0.000396728516
-0.000549316406
-0.000396728516
-0.000457763672
-0.000396728516
-0.000457763672
-0.000396728516
-0.000396728516
-0.000335693359
-0.000335693359
-0.000213623047
-9.15527344e-05
-0.000274658203
-6.10351562e-05
-0.000274658203
-0.000213623047
-0.000396728516
-0.000305175781
-0.000366210938
-0.000183105469
-0.000244140625
-0.000122070312
-9.15527344e-05
-0.000122070312
3.05175781e-05
-3.05175781e-05
-0.000244140625
-0.000213623047
-0.000427246094
-9.15527344e-05
-0.000152587891
-0.000213623047
-6.10351562e-05
-0.000122070312
-6.10351562e-05
-9.15527344e-05
-0.000183105469
-0.000152587891
-0.000213623047
-0.000305175781
-0.000152587891
-0.000213623047
3.05175781e-05
-3.05175781e-05
9.15527344e-05
6.10351562e-05
0.000183105469
-9.15527344e-05
3.05175781e-05
-6.10351562e-05
-3.05175781e-05
-0.000152587891
-9.15527344e-05
0
-3.05175781e-05
0
-3.05175781e-05
0.000122070312
3.05175781e-05
9.15527344e-05
0
-0.000122070312
-0.000152587891
-0.000183105469
-0.000244140625
-0.000183105469
-0.000183105469
-0.000183105469
-0.000122070312
-0.000183105469
-0.000122070312
-0.000122070312
-0.000183105469
3.05175781e-05
0
9.15527344e-05
9.15527344e-05
0.000305175781
-3.05175781e-05
0.000244140625
0
0.000183105469
6.10351562e-05
3.05175781e-05
3.05175781e-05
6.10351562e-05
3.05175781e-05
-9.15527344e-05
-6.10351562e-05
-9.15527344e-05
-0.000183105469
-0.000183105469
-0.000305175781
-9.15527344e-05
-0.000183105469
-0.000244140625
-0.000213623047
-0.000274658203
-0.000457763672
-0.00048828125
-0.000579833984
-0.000427246094
-0.000671386719
-0.000610351562
-0.000671386719
-0.000579833984
-0.000701904297
-0.000701904297
-0.000854492188
-0.000762939453
-0.000793457031
-0.000823974609
-0.000793457031
-0.000793457031
-0.000762939453
-0.000732421875
-0.000823974609
-0.000762939453
-0.000823974609
-0.000701904297
-0.000854492188
-0.000671386719
-0.000732421875
-0.000823974609
-0.000701904297
-0.000610351562
-0.000579833984
-0.000518798828
-0.000549316406
-0.000610351562
-0.000579833984
-0.000671386719
-0.00048828125
-0.000671386719
-0.00048828125
-0.000610351562
-0.000457763672
-0.000549316406
-0.000457763672
-0.000305175781
-0.000213623047
-0.000396728516
-0.000274658203
-0.000396728516
-0.000457763672
-0.000396728516
-0.000457763672
-0.000305175781
-0.000305175781
-0.000274658203
-0.000213623047
