0.0001262718
4.31683511e-05
0.00049161457
0.000826367585
0.000882065855
0.00019524325
0.000106944412
9.43068226e-05
0
0.00015188141
4.77173853e-06
0.000671651156
0.000750521023
0.000104473489
0
0
0
0
0.000355500786
3.93510018e-05
4.37710078e-05
0
6.17615588e-05
0
0
0
0
0
0
0.000413840695
0.000614453456
0
8.25224561e-05
0
5.63054346e-05
0
0
0.000452674547
0.000420042314
0.000264801667
0.000239699148
0.000196485242
0
0
9.18214027e-07
0
0.00010874388
0
0.000364691747
0.000297041959
0
0
4.66205674e-05
5.46081355e-05
0
0
0.000286071358
0
0.00013585639
1.73247463e-05
3.10284886e-05
0
0
0
0.000204699871
3.86143074e-05
0.000354260905
0.000377490796
0.000186301142
0.000171076827
0.000243678631
0.000104640108
3.34187644e-05
9.19043014e-05
0
2.37759286e-05
7.88381731e-05
0.000159573523
0
0
0
0
0
0
0
0
0
0
0
0
0
0.000188827442
0
0
5.32855993e-05
1.00770285e-05
0.000117001538
0
0
0
5.58408719e-05
2.46740474e-05
0
0
0
0
0
7.58851675e-05
4.88154947e-05
0
2.01705625e-05
0
9.06679343e-05
0.000177928974
0
1.94676104e-05
5.98846236e-05
0
1.05057852e-05
0
8.63201203e-05
2.69045049e-05
8.6851469e-05
0
0
9.48718807e-05
0
0
8.03497023e-05
0
0.000446254737
0.00035691887
0.000225074575
0
0
0
0
0.000161336182
0
0.000538396998
0.000470012543
0
0
0
0
0
0
0.000427460036
0
1.14710438e-05
0
2.29166653e-05
0
0
0
0.000107894281
0
0.000276032835
0.000342080137
0.000217506589
0
0
0
0
0.000119210214
0
0.000365935004
0.000446401798
0
0
0
0
0.000184049204
0
0
0.000135345326
0
0
0.00015858245
0
0
0.000178063827
0
0
0
0
0.000178464863
0
0
0
0
0
0
4.05753308e-05
5.66259514e-05
0.000295128353
0.00143708277
0.00171189709
0.000187668295
0
0
0
0
0
0.00049378007
0.00191068742
0.000997998635
0
0.000859892811
0.00260320539
0.00537919113
0.00653007999
0.0049260417
0.00266416464
0.00125744403
0.000726360886
0.000337826845
0.00096111407
0.00324045797
0.00540498784
0.00517710764
0
0
0
0.000222461458
0.000375731499
9.98008254e-05
0.000189633094
0
0.000237267595
0
0
7.93351646e-05
0.000273426675
0
6.76887248e-06
0.000146302657
0.00020798936
0.000141182711
0
0
0
0
0
0
0.000276106934
0.000116574323
0
2.95599566e-05
9.61284823e-05
0.000300992484
0
0.000434000132
0
0
0
0.000179266441
9.40826576e-05
9.92362839e-05
0
0
0.000320314313
0.000604007451
0.000628859445
0
0
0
0
0.000144963968
0
0.000376736571
0.000900846382
8.26500254e-05
6.90108791e-05
7.54179709e-05
0
0
0
0.000300114421
1.96825513e-05
0
6.45983964e-05
0
0.000121956233
0
0
0.000317606406
0
0.000246342155
0
0.000318859733
0.000531534082
0.000207705365
0.000259165041
4.22948142e-05
0.00033087621
0
0
0.000322079082
0
0
0
0
0
0
0
0
0
0
0
0
0
0.00017175496
0
0
0
0
0
0
0
0
0
0
0
0
0
0.000233070881
0.000212649262
0
0
0
0
0
0
1.88242611e-05
0.000429882406
0.000187317768
0
0.000131254434
0
0
0
0
0
0
8.0374135e-05
0
0.000192248292
0
0
0
0.000195995497
0
0
0
0.00134814077
0.000604097266
0.000274433492
0.000296239014
0
0.000121652745
0
0
0.000881038839
1.91262006e-05
0
0
0
0
0.000342237559
0
4.97971378e-05
0
9.10478702e-05
0
0
0
0.000101927377
0
0.00044427067
0
0
0.000177402035
2.65970411e-05
0.000176351488
0
0
2.86924424e-05
0
2.98931518e-05
0.00042147527
0.000211883322
4.66885649e-05
2.35788939e-05
0
0.00046656889
0
0.000210367609
0.000112288115
9.64260471e-06
0
0
0
0
0
2.09440022e-05
5.39084795e-05
0.000341933744
0
0.000173868801
8.87596325e-05
0.000101093297
0
0
0.000164987185
0.000257270469
0
0
2.14376578e-05
0.000467603881
3.8027847e-06
0.00022974264
0.000147344646
0
0.00028199752
0
3.40363258e-05
0.000148624837
0.000137855604
0
0.000411026616
0.000469210383
0.000235400832
0
0
0
0
0.000134444432
0
0.00047413478
0.000576824765
0
0
4.78414659e-05
0.000104651604
0
0
0
0
0.000182719814
0.000190791747
0
0
0
0
0
0
0.000182839402
0.000471118226
0.000277729676
0
7.74105138e-05
0
0.000105589374
0
0
0.000455672853
0.000276234729
0.00066352397
0.000354582357
0
0
0
0.000374464114
0
0.000277551269
0
0.00069927756
0.000427599356
0
0
1.84443197e-05
0.000268870819
0.000150360618
0
0
0
0
2.13609746e-05
0
6.84486222e-05
0.000163276054
0.000194243374
0
0
0.0010579261
0.0010878169
0.000232634513
0
0
0
0
0
4.36889422e-05
0.00131660211
0.000674288312
0
0
0.000119830416
0
1.19973083e-05
0.000120303273
0
0
0.000117113479
6.74077892e-05
0
7.76128873e-05
5.0108094e-05
0
1.30840344e-05
0
0
0
0
0
0
1.16470619e-06
0
0
0
0
0
0.000524956733
0
0
0
0.00126466888
0.00160218845
0.000406746403
0.000442502933
0
0.000578814419
0
0
0.000583115558
0
0
0
0
0
0
0
0
0
1.65212405e-05
0
0
0
0.000261443463
0.000312346441
6.29480855e-05
0
0
0.00019374337
0
8.54799218e-05
0
0.000303469948
0.000340467348
0
0
3.88012195e-05
0
0
0
3.05476606e-05
0.000395954645
0.000220524118
5.52693891e-05
6.7975292e-05
0.00011951584
0
0
0.000121925354
0
0
0
0
0
0
0.000146346414
0.000173299311
0.000326087844
0.000221846291
0
6.3466854e-05
0.000162784127
0.000163100573
0.000803747098
0.000348607398
0.000379569305
0
0.000374063209
0
0
0.000222304589
6.57761029e-06
0
5.30057332e-05
0
9.2473274e-05
0
0
0
0.000115543073
5.65147711e-05
0
0.000251955847
4.20296201e-05
0
0
0
0.000153023473
0.000203539879
0
6.4334643e-05
0.000176514106
0
0.00013773056
0
0
0
1.16987185e-05
0.00018071357
6.90375964e-05
0
0.000267531694
0.000287410599
0
0
0
0.000151283632
0
8.04182637e-05
0
0.000249987759
0.000367656379
0
0
2.39179462e-05
0
0
0
0
0.000478925707
9.11549869e-05
3.69764894e-05
5.83616093e-05
0
0
0
0
0.000153665562
0
0
0
2.83559948e-05
0
0
7.61094125e-05
0
0.000284647918
0
0
0
0.000128585772
7.87146273e-05
0
0
0
0
0
3.4649951e-05
0
0.000180964867
0.000128862797
0
0
0
0.000202843992
0.000336806668
0.00033992005
4.46147642e-05
0
2.52005411e-05
0
7.35118228e-05
0
0.000228894045
0.000363348518
0.000132638714
0
0
4.33676432e-05
3.6508176e-05
4.35728616e-05
0
0
2.01383609e-05
3.42661588e-05
0
0
5.50645109e-06
8.94907935e-05
0
0
0
0
0
0
0
0
0
0
0
0
0
0
0.00055873394
0.000577403873
6.82809259e-05
0
0
0
0
0
3.46888592e-05
0.000795654138
0.000349446491
0
0.00013925969
0.0006584535
0.00069631479
0.000177065755
0
0
0
2.8395134e-06
0
0.000241907182
0.000833203783
0.000373429153
0
0.000161430537
0
0
0
0.000183206648
8.99111183e-05
3.32383279e-05
7.60651965e-05
0
0.000235019557
0
0
3.11004806e-05
0
0.000343520573
0.000323264627
7.36632428e-05
0
0
1.80749885e-05
0
6.60123696e-05
0
0.000455443107
0.00013313767
0
9.17587167e-05
0
0.000149031199
0.000232836202
0
0.000404158171
0
5.690119e-05
0
0.000166549726
0.000193520013
3.39734906e-05
0
0
0
0.00015500623
0.000331914023
0.000324970606
0
4.87899251e-06
3.6732672e-08
0
0
0
0.000405985425
0.000281422428
7.17825105e-06
0
0
0
0.000420731463
0.000308591698
5.31647092e-05
9.13603581e-05
6.01286665e-05
0
0
0
8.74117541e-05
0
0
0
0
0.000394831441
0
2.73772548e-05
1.38905043e-05
1.78664795e-05
0
0
0
9.58201636e-05
0
8.94563054e-05
0.000240509078
0.000190556777
0
5.46663443e-07
3.28074134e-06
2.15726641e-06
4.85879063e-05
0
0.000202343756
0.000208272482
6.43921667e-05
6.23519591e-05
0.000125607723
0
0
0
0
0
3.43527354e-05
0
0.000162972792
5.37907326e-05
0
0
0
0
7.92715437e-05
0.000267255236
0
0
0.000157253802
0
2.17247834e-05
0.000200691953
0
9.66916559e-06
3.19377541e-05
0.000184129807
0
0
0
0.000710686785
0.000288922776
0.000119482538
0.000171330219
0
0.000138709569
0
0
0.000452696986
0.000103212471
0
0
0
9.42730403e-05
0.000111338333
2.65582139e-06
6.67391578e-05
0
0.000118946955
0
0
0
0
0
0
0.000221099996
0.000113120455
0
9.75504081e-05
0
4.74940207e-05
6.89047447e-05
0
0.000152406312
0.000166485348
0
0.000253994804
0.000240574853
0.00012712524
0
0
0
0
0.0001323256
0
0.000232479797
0.00021949441
0
0
0
0
3.78959667e-05
0.0002214204
0
4.04724669e-05
4.71259727e-06
0
0
0
3.25018555e-05
0.000114016846
0
0
0.000179578914
2.60934212e-05
0.00019035193
0
0.000222026662
9.4930183e-06
0
7.53922723e-05
9.13868134e-05
5.39445828e-05
0.00019487011
0.000391794543
0
0
0
0.000573354948
0.000490402919
6.89066947e-05
0.000223595402
0
0.000378350524
0
0
0.000309899799
1.90961e-05
0
0
0
0
5.83014807e-05
8.34018283e-06
0
8.16282845e-05
0.000423986727
0.000186896272
0
0
0
0.000336796336
0.00010114113
0.000138279676
0
0
0.000346682355
0
0.000154863403
7.50773033e-05
0
0.000237184126
2.96007092e-05
4.70765044e-05
0
0
0
0
0.000422996935
1.89866732e-05
3.57582235e-06
9.29617818e-05
0
0
0
0
0.000141806202
0
0
0.000116311072
0.000576597638
0.000187141864
8.87698407e-05
0.000125434031
0
0.000134399466
0
0
0.000402420963
0
0
0
8.58779167e-05
4.43658137e-05
0
1.1110048e-05
0
0
0
0.000191850166
2.63629699e-05
0
0.00019672772
0
0.000162972283
0.000102855862
7.24912243e-05
3.98929551e-05
0
0
0
1.10747405e-05
5.77658357e-05
1.09085049e-05
4.51524211e-05
0
0
0
0
0
0
0
0
0
0
0
0
0
2.46899581e-05
0.000403696729
0
0
8.31400539e-05
0
0
0
0
0
0
1.13504357e-05
0.000115574418
0
0
0
0
0.000367393368
0
0
9.99384156e-06
0
0
0
0.00011867423
0.000150139182
0
0
5.89349147e-05
0.000341287814
0
0.000130575194
8.52889134e-05
0
0.000241920017
0
0.000135874026
0.000173751498
1.87684e-05
1.05439603e-05
0.000168755651
0.000221020644
5.10740792e-05
0
0.000128564323
2.28549907e-05
3.95767274e-05
2.28777735e-05
0
0.00021872847
0
0
0
0
2.05272536e-05
8.05902091e-05
1.7774486e-05
0
0
0
1.87244386e-05
0
1.01410787e-05
0.000192991822
0
7.49333922e-05
0
0
0.000135471142
0.000106463689
7.76987144e-05
1.57745199e-05
0
0
0.000108278633
1.03294205e-05
0.000235642452
8.35616374e-05
6.34104363e-05
0
0
0.000156629496
0.000462999509
0.000172292901
8.45152463e-05
9.12770702e-05
0
3.58401703e-05
0
0
0.000358456076
0
0
6.46681365e-05
0
1.56462593e-05
0.000280479027
0
0
0.000139759955
0.000131101202
0.000123253194
5.81827226e-06
0
0.000226386765
0
0
0
0.000134459173
0.000295407372
4.37361887e-05
0.000123011094
0
0.000218077272
0
0
4.55257723e-05
0
0.000276257953
0.0001168171
0
0
0.000212708197
0
1.26095965e-05
0.000253248465
0.000256497675
0
8.73999379e-05
2.5272122e-05
0.000575128128
0.000413858797
0
0
0.00105611607
0
0
0.000436758797
0
0.000456462119
0
3.22979904e-05
6.59818179e-05
0
0
0
0.0004001942
0.000229728903
0.000241214235
0.000155804504
0
0.00015219186
0
0
0.000127829175
0.000274197169
0
0
0
0
0
1.86403358e-05
1.58831008e-05
0
9.32275943e-05
0
0
0
0
0
0
0
0
0
0
0
0
0
0
0
0
0
0.000108446497
0
0
0
1.49794971e-07
0
1.86791613e-06
5.05327298e-05
0
0.000203198098
0
0
2.3262668e-05
0
0.000180765564
0.000131638779
4.87881662e-05
9.36680663e-05
0.000194679014
0.000105977982
6.49412177e-05
0.000182931253
0
0
0.000119118493
9.83726059e-05
8.42628724e-05
0
0
0
0
6.65285697e-05
2.60282613e-05
6.13568191e-05
0
0.000129564243
0
0
0
0
0
0
0
0.000104620478
0
0
0
0
0
0
1.99914903e-05
1.87400055e-05
0.000235580024
0.000213298335
0
0
0
3.44995642e-05
0
6.31432922e-05
0
0.000284934911
0.000218517525
0
0
0
0
0
0
0.000264502421
0
0
0
0
0
0
5.78854233e-05
5.10486389e-05
0
0
0
0
0.000330734212
0.000261654233
0
0
0.000548672746
0.000317389349
0.000131209308
0
0
4.40750227e-05
0
0
0
0
6.16117904e-05
5.23100643e-05
0
2.55579653e-06
0
0
4.6722962e-06
8.1635204e-05
0
0.000102011356
0.000212231316
0.000208757891
0
0
2.11407059e-05
0
6.78450961e-05
0
0.000194014763
0.000237140091
2.99111744e-05
0
0.000336558383
0.000140239121
4.5264449e-05
0
4.88017395e-05
0.000347235153
0
1.33076119e-05
0
0
8.08368131e-05
0.000259540102
0
5.95161473e-05
0.000278462248
0.000351483963
0.000134227579
0
0
0
1.09871107e-05
0
2.8674227e-05
0.000534434279
0.000110645975
4.22288904e-05
8.36280451e-05
0
0
2.98657815e-05
2.67047635e-05
0
0
7.11659868e-06
0.000145144164
0
0
0
0
0.000165990641
0.000222488496
0.0001423043
0
0
0.000108897431
1.22127003e-05
0
0
0.000133622176
0.000127160165
0.000122368016
0.000412503636
0
0
0
0.000478970003
0
0
0.000993423862
0
0
0.000326504232
0
0.000595921767
0
0.000146420862
2.5013449e-05
0
0
0
3.20477629e-05
0
5.99685518e-05
0
0
0
7.65280784e-05
0.000122325189
0
5.19709101e-05
6.16795151e-05
0
0.000198934984
0
0
8.14937375e-05
0.000172438304
0
0.000246888027
0
0.000221549679
0.00126219378
0.00132103264
0.000603163266
0
0
0
0
0
0.000178789865
0.00150692253
0.000876656675
0
1.95139637e-06
7.26252038e-05
5.75495178e-05
0
0
0
0
4.04771163e-05
0
0
6.38475321e-05
8.24093149e-06
0
0.000200795897
0
0
0
0.000370632246
0
0.000146623846
0.000396308082
0
0
0.000116659336
0
0.000320407038
0
0
0
0
0
0
0
0
0
0.000105842511
0
0
0
0.000436108559
0.0011815601
0.00110848935
0.000401876081
0
0.000194259977
0
0
0
0
0
0
0
0
0.000520336907
0.000422223035
5.9477883e-05
0
0
0
0
0.000109488974
1.36401413e-05
0.000756438647
0.000147982937
0
0.000421435019
0
0
0
0.00054338976
0.000561139022
0.000118964286
0.000298962375
0
0.000435760769
0
0
0.000328086346
0
0.000117233772
0.000326193694
0.000631168892
0
0.000852615107
0.0005919346
0
0.00111083104
0
0
0
7.64352371e-05
0
0
5.46828887e-05
0.000259717548
0.000313792552
0
4.94189408e-06
0
0
0
0
0.000324846711
0.000236572494
0
3.9173734e-05
6.30569557e-05
0.000222342132
0
3.82650396e-05
0
0
0
0
6.37625853e-05
6.88895307e-05
0
0
0.000200613853
0.000296464365
0.000872126897
0
0
0
0
0
0
0.000795444415
0.000408924534
0
0
0.000173973662
0.000272447825
0.000246389158
0
0
5.91221433e-05
0
5.82377361e-05
0
0.00020993645
0.000280395121
6.63866449e-05
0.000114046197
0
0
0
0
6.26846522e-05
0
1.9438261e-05
0
0.00019368506
0
0
0
0.000282114663
0
0
0
0.000390951871
0.000425956387
0.00010197713
0.000187262456
0
0.000237456436
0
0
0.000237782995
0.000231867685
0.00136096706
0.00126057328
0.00014644397
0
0
0
0
0
0.000427783467
0.00166328403
0.000585739326
0
0
0.000267799362
0.000145705853
0
0.00021201311
0
0
8.29147466e-05
0.000311383192
7.68752943e-05
0
0
0.00010852285
0.000728380284
0.000702341029
0.000358068151
0
0
0
0
0.000255683844
0
0.000953741954
0.000943044841
0
0
0.000117148797
9.8907869e-05
0
0
0
0.000206906436
0
9.1516431e-06
0
0.000111076683
0.000108013293
0
0
0
0
0
0
0
0
0
0
0.000158564333
0
0
0
0
4.4128923e-05
0
0
0
0
0
0
8.3208015e-06
0
0.000174266243
1.61769021e-05
0
0
0.000154552385
0
0
4.30517575e-05
0.000623946893
0.000212478117
0.000103145074
0.0001474171
0
0.000153844987
0
0
0.000414822513
0.000203460368
0.000481571362
0.000545499264
0.00025208405
0
0.000157895905
0
4.43904755e-05
0
0.00020809914
0.000708144042
0.000147858984
0
0
0
0
0
0.000778636488
0.000522511778
0.000187410013
0.000103879946
2.50038011e-05
0
0
0
0.000400889519
0
0.000200208873
0.000163201665
9.80928307e-05
0.00010563781
0
0
0
0
0
3.30422408e-05
0.000274703198
6.04651859e-06
0
0
0
0
0
0
0
0
0
0
0
0
0
0
0
6.5425389e-05
3.84395098e-05
2.88785996e-05
0
0
7.01096942e-05
5.918631e-05
2.08621204e-05
8.09478515e-05
0
0
0.000111447371
7.34938512e-05
0
6.87682332e-05
1.56662372e-05
0.000243366361
0
2.34614708e-06
2.41345842e-05
1.66760765e-05
0
0
1.67942726e-05
0.000164693483
0
0
0
0
0.000191173065
0
0
0
5.8958889e-05
0
3.9687864e-05
0
0
0
0
0.000753233791
0.00085457263
0.000154142021
0.000318506471
0
0.000568091869
0
0
0.000466324593
0.000608141301
0
0
1.66260688e-05
0.000117360432
6.96053685e-05
0
0
0
2.62150133e-05
0
0
0.000183206736
1.77394977e-05
0
0
0
0
0.00075539411
0
0.00094178674
0
0
0
0.000287558447
0
0.000385878899
1.54790996e-05
0.000395401235
0.000162899451
0
0
0.000342095038
4.60516567e-05
0
0.000280379463
2.60292454e-05
0.000224335163
0
0
0
0
0
0
0
0
0
0
0
6.21581203e-05
0.000270868244
0.000133661684
0
0
5.43316617e-07
6.2682484e-06
6.39331984e-06
0
0
0
0
0
0
4.96188534e-07
9.54617281e-06
0
8.89757212e-06
0.000184036224
0.00016238635
0.00051688432
0.000216623448
0
0.000373605028
0
0
0
0.000213996929
0.00027406725
0
0
0
0.000145276048
0.000339384511
0
0.000189207174
0.00050198246
0
0.000592055323
0.000289943011
0
0.000114228984
0.000189143175
0.000415035291
0.000403786456
0.000533520069
0.000267943455
0.000381533202
0.000374737137
0
0
0
0
0.000188802718
0.000176512738
0.000196370005
0
0.000181838084
0.000154516805
0.00015107423
0
2.22134095e-05
4.16379153e-05
0
0.000243976057
0
0.000336381694
9.80177138e-05
0
0
0.000320257619
0.000142003046
2.76178016e-05
6.79039804e-05
0
9.87320891e-05
0
2.63915513e-06
0
0
0
0.000182166725
0
8.97753562e-05
0.000113304304
0.000172408851
0
0.000256369007
0
1.28677184e-05
5.77526225e-06
0.000111467074
1.23987484e-05
0.000144871912
0
0.000114432783
0
0
0
1.02546273e-05
0.000277678744
2.55962259e-05
7.38270319e-05
0
5.9565602e-05
0
0
0
0
0
9.32769472e-05
0.00024248565
0
0
0
0
8.4713829e-05
0
0
0.000244338793
1.52566208e-05
0
0.000213423336
0.000390503876
0.000366731692
0
0
0
0
6.57726123e-05
0
0.000268013828
0.000601842941
1.87832502e-05
2.30583064e-05
0
0
3.70178059e-05
0.000190220511
4.61416421e-05
1.48102254e-05
5.02448456e-05
0
8.90280062e-05
0
0
0.000125473176
0
2.29091547e-05
9.01255407e-05
0.000124510407
0
0
3.57997815e-05
0
6.83010367e-05
0
2.77059753e-05
0.00014762416
1.86155266e-05
0
0
0
0
0
0
0
0
8.50512588e-05
0
0
0
0
0
0
0
1.35536402e-05
0.000157164352
0
3.72493173e-06
5.11882126e-06
0
0
0
2.32129169e-05
7.34225323e-05
3.77316028e-05
0
0
0
7.56344234e-05
0
0
0
0
0
0
0
0
0.000297627936
0.00022726832
0.00203338033
0.00346912025
0.00347868609
0.001334253
0.000645140361
0.000350031187
5.4033746e-05
9.69437679e-05
0.000168057304
0.00268010702
0.00310101919
3.91568938e-06
0
0
4.28011299e-05
0.000327416288
0
1.15901257e-05
3.13509263e-05
0
0
0
4.34570866e-05
0.000168263476
0.000305944675
0
0
0
0.000731009757
0.000934041687
0.000245323579
0.000276863604
1.53072415e-05
0.000150953289
0
0
0.000383184466
0
4.76808927e-05
0
0
0.000287634874
0
0.000404733088
0
0.000221046183
0
0
3.87811597e-05
4.95256099e-05
5.80605774e-06
3.85888707e-05
0
0
0
0
0
0
0
8.5745567e-05
0
0
0
0
0
5.53305072e-05
0.000168368977
0
0.000168713144
0.000114579765
0
0.00021315513
0
6.03273065e-06
2.30808814e-06
8.55776852e-06
4.16946896e-05
0.000176031899
0.000176731905
0.00012649165
0
9.44514904e-05
1.79317103e-05
6.71467433e-06
9.12804535e-06
1.78681876e-05
0.000235161948
6.8342626e-05
2.65682793e-05
4.51378173e-06
0.000166624086
0.000204636512
0.000255049876
0.000169026694
4.22553312e-05
1.18912803e-05
0
0.000132933026
9.22202744e-05
9.51952898e-05
0.00026771042
0.00010377977
0.000354170304
0.00172133313
0.00297372718
0.00253820373
0.000927005138
0.000223006224
0.000166068145
0.000103860119
2.89896125e-05
0.000539016502
0.00217959052
0.00247822818
0.00145805476
0.00021973034
0
0
0
0
7.92065111e-05
0
0.000133312555
0
0.000294421043
0
0
0
0
0.000261296052
0.000368262001
0.000279969623
0
0
0
0
0.000103982442
0
0.000353655516
0.000366624707
0
0
0
2.63811562e-05
0.00110580097
4.68941253e-05
0.00052767701
0.000355835364
0
0.000645985128
0
2.53119106e-05
0.000343229331
0.000376472686
0.000221300492
0.000650274102
0.00183967955
0.00235238066
0.00239118142
0.000861144334
0.000416728581
0.000577351893
0.000240609719
4.54506335e-08
0.0011064877
0.00186388823
0.00198737904
0
0
0
0
0
0
0
4.3417509e-05
0
0
0
0
0
0.000425707607
0.000680852332
0.000987792271
0.000763007731
0.000511964259
0.000333680655
9.11366078e-05
0.000252989237
0
0.000364759413
0.000784028729
0.000652076735
0.000592400553
0
0
0
2.83525078e-05
0.000194632536
5.76290258e-05
0.000112109439
7.35490612e-05
0
0
0
0
0.000231546976
0
0.000266409334
0.000172370608
7.39622192e-05
0
0
0
0
3.59815676e-05
4.44631551e-05
0.000268074014
0.000243990406
0
0.000528130389
0
0.000197207308
0.000624734908
0.000806943222
0.000580156106
0.00020994083
0.00028300588
0
0.000631339033
0
0
0.000873690238
0
0
0
3.99039527e-05
0
0
0
0
0
0
0
2.71366298e-06
0
0.000235432963
0
0
0.000146769104
6.41006845e-05
6.00923559e-05
4.17359042e-05
0
0
0
0.000184207369
0.0002027624
0
5.66703529e-05
0
0
0
5.24791831e-05
0.000132928006
0
0
0.000127364634
0
0
0
7.24418987e-06
0
0
0
2.7217734e-06
5.48196294e-05
0.00014891036
0.000104175677
0
0.00015251874
0
0
0
3.23724598e-05
0.000227072465
0.000284578535
7.89960686e-05
0
0
0
0
4.40642762e-05
0
0.00035455171
0.000321703439
0
0
0
0.000109761466
0.000561263936
0.000996029936
0.000777162495
0.000213769134
0.000133307898
0
0.000100824502
0
9.99468321e-05
0.000835904502
0.000720679411
0
0
0
0
0
0
0
0
0
0
0
0
0
0
0
0
0
0
0
0
0
0
0.000192282314
0
0
0
0
3.6975016e-05
0.000109763219
0.000212526866
4.4817778e-05
0
1.91586896e-05
0
0.000115503834
0
2.34704366e-05
0.0002243333
6.46072076e-05
0
0
0
0
0.000431638677
0.000204821859
8.38917549e-05
7.42958582e-05
0
0
0
0
0.00017218072
0.000184246106
0
0.000200235765
0
8.89459916e-05
0
0
0.000162420256
0.000192442167
0
0
0
0.00026214245
0.00088325236
0.00102531293
0.00089021615
0
0
0
0
0.000349023205
0
0.00114983576
0.00126491254
1.71980428e-05
0
0
0
0
0.000264768401
0.0020534934
0
0.000246705109
0
1.97591653e-05
0
0
2.44879775e-05
0.0010876304
0.000576315622
0.000491793035
0.000361168088
0
0
0
0
0.000241841277
0
0.000742229167
0.000647750159
0
0
0
0
0
0.000460286217
0
0.000183140321
0.000151937274
0
0.000280731183
0
0
0.000182123826
0.000126847473
4.60560404e-05
0
6.18233098e-05
0.000117703748
0
0
0
2.43374743e-05
0
0
4.93972257e-05
8.66617193e-05
0
0
0
0
0.000217883731
0.00160274596
0.000839018845
0.00039551736
1.59919964e-05
0.00023040612
0
0
0
0.000896131445
0
0
0
6.42497616e-06
0
0
0.000477931317
0.000313357101
0.000868727802
0.000444356527
0
0
0.00030171001
0
0
0
0
0.00239300146
0
0
0
0
0
0
0.000360825507
0.000661020167
0.000246115931
0.000100986799
0.000566027942
0.000916805817
0.0009927348
0.000399514538
0.000191752944
0.000151479166
0
0.000325427478
0.000214734086
0.000699890137
0.000936741009
0.000278906693
0
0
0
0.000210435828
0.000442595629
7.54653083e-05
0.000168950733
0
0.000246122334
0
0
6.55066542e-05
0
0
0
0.000136165996
0.000467542239
0
5.92875076e-05
0
3.62284336e-05
0
0
6.08254013e-05
0.000255833264
0.000199451053
0.00113586837
0.00113188685
0.000170566811
0
0
0
0
0
0.000392358779
0.00135733059
0.00058871822
0
0
0
0
0
0.000304697198
0
0
0
9.53710696e-06
0
0
0
6.75664851e-05
0
0.000285805552
0.000366565189
0.000191760017
0
0
3.05326066e-05
0
2.87633102e-05
0
0.000397086143
0.000232343227
3.74801175e-06
0
0
0
0
0
0
0.000365555665
0
0.000151338041
4.18231866e-06
0
0
3.83377919e-05
0.00019651129
0.000186585239
0
0
0.00017330618
0
0.000199407281
1.34956226e-05
0
0
9.8697732e-05
0
0.000377299759
0
0.000314840348
0.000356833771
0.000237814762
0
0
0
0
0.000113916452
0
0.000347850349
0.000501508242
0
0.000253752165
8.41871806e-05
0
0
0
0
0
0.000126634957
0
0.000370193564
4.92554645e-05
0
0
0
0
1.50747314e-06
6.43271123e-05
6.98879157e-05
8.78982173e-05
8.86182315e-05
1.23950476e-05
1.63214481e-05
0
0
0
0.000130856846
4.02758378e-05
0
0
0
0.000159204443
7.68755344e-05
0
1.78174232e-05
0
0.000100169855
0
0
0
0.000772443949
0
0
0
0.00019275563
0
0
0.000150695385
0
0.000496674853
0.000198524707
0
0
0
0
0
0
0
0
0
0
0
0
0
0
0
0
0
0.000108695152
0.00034942638
0.00019974733
0
2.78574339e-06
0
7.95165324e-05
0
0
0.000383899926
0.000163205914
0
0
0
5.43550777e-05
0.000218533431
0.000404739432
0.000189187631
0
0
0.000402130099
0.000219851034
0
0
0.00108753145
0.00500570331
0.00539096957
0.00151601213
0
0
0
7.69470207e-05
0
0.00183701352
0.00636910042
0.00296407915
0
0
0
3.78431359e-05
0
0
0
0
0
0
0
0
0
0
0
0
7.83861105e-05
0.000152710491
0.00012279542
0
4.43902936e-05
2.06587501e-05
0
0
0
0.000139840311
0.000170144194
0
9.50204849e-05
0
0
0
0
0
0
6.0801598e-05
0
7.45427606e-05
2.41535345e-05
0
0
0.000201065879
0.000259243039
0.000429329928
0.000142834397
0
0.000560848624
0
0
2.79107735e-05
0
0.000180592717
0
0
0
1.50103124e-05
0.000104837622
0
0
0
0
0.000196696681
0.000182813266
9.19401209e-05
0.000123587844
0.00011445694
0
0
0
0.000354461954
0.00168286148
0.000732352433
0.000459874223
0.000144276259
0
0
0
0
0.00106548832
0
0
3.83752667e-05
0.000194305452
0.000266383693
0
0
0
0
0
0
0.000230537204
0.000165622652
0.000504059368
0.00119900308
0
0
0
0
0
8.73341633e-05
0
0.0012869027
0.00137296878
0
0
0
0
0
0.000415079267
0.000169974068
0
6.4314685e-05
0
0.000183403623
0
0
0.000216786226
0.00024771961
0.000156731199
0
0
3.84923151e-05
0
6.34052922e-05
6.9314854e-05
0.000121880701
0
0.00010249218
0.000106497129
0
9.93948561e-05
0
0
1.72594628e-05
5.91643984e-05
0.000103307037
0
1.80055304e-05
0
0
0
0
0.00011790327
9.30799361e-05
0.000137353025
0.000108146174
0.000662638515
0.00128439709
0.00138629111
0.000786958204
0.000338544342
0.000180704868
6.45638283e-05
6.85599589e-05
8.25715688e-05
0.000845270057
0.00124562788
0.000108802982
0
0
0
0
0
0
2.49365621e-06
0
0.000182151634
0
0
0
0
0
0
0.000152056789
0.000372157228
0
7.43263372e-05
0
7.27429579e-05
0
0
0.000182393313
0.000229026409
0.000104631043
0.000648504472
0.000578777574
6.88996515e-05
0
0
0
0
0
0.00020449872
0.000800453243
0.000291905802
0
0
1.81543583e-05
0
1.44384749e-05
0.00011561381
0.000242305468
8.27009862e-05
0
7.76827437e-05
0
0
0
8.79768195e-05
5.37576489e-06
0
0
6.40513463e-07
0
7.93888612e-05
0
8.36882027e-05
0
1.75353271e-05
0
0
0
2.98846535e-05
0
0
2.27432139e-07
4.9505561e-05
0.00022705883
7.00559685e-05
2.74528302e-05
3.80690071e-05
0
0
0
6.23879241e-05
0
0
3.43452521e-05
0
0
0
6.45712425e-05
5.77261817e-05
0
0
0
0
7.91074635e-05
0
0
0
0
0
0
0
0
0
0
0
0
0
0.000328705966
0
0
0
0.000333130592
0
0
0.000171873267
0
0.000422435056
0
0
7.95570213e-06
5.3285381e-05
0.000665862288
0.0011610121
0.000992425135
0.000165978156
0
0
0
3.98822613e-06
2.72808029e-05
0.000782935647
0.00110676594
0.000446562684
0
0.000603812165
0.000678483106
0.000130127039
0.000119905839
0.00035793116
0.000226474978
4.63164615e-05
0.000276435399
0
0
8.21917492e-05
0.000120447708
0
0
0
0
0.000142093661
0
0
0
0
0
0
2.79384221e-05
3.57839963e-05
0
0
0
0.000140744422
0
3.94069575e-05
7.84591684e-05
0
0.000208475176
4.48789688e-05
0
0
0
0.000406250067
0.00132578274
0.00155663549
0.000720801647
0.000130900633
0
0
0.000182751435
0
0.000710732769
0.00137262209
0.00116853393
0.000367773231
0
0.00082205981
0.000757658039
0.00013263771
0
0
0
0
0.000122545214
0
0.000973246526
0.000604052329
0
0
0
0
0
0.000232104896
0
2.25441836e-05
0
0
0
0
0
0.000102210317
0
3.16135556e-05
0
0
0
0
0
0
8.37288735e-06
0
0
0
0
0
0
0
3.24257308e-05
0.000145581333
0
0
0
6.4845728e-05
0
0
9.24897322e-05
0
0
5.87879622e-05
0.000381876831
0.000346250628
0.000309978379
0.000178425602
0.000311114884
0
0.000117976422
0.00018654429
0.000172598971
0.000315483951
0.000364040781
0
0.00020275377
0
0
3.14699646e-05
0
0
0
2.28090521e-05
0.000152458189
2.68012936e-05
0.000111244983
0
0
0
8.75303595e-05
5.15745742e-05
0
3.05505746e-05
0.000114126022
4.21995901e-05
0
0
0
0
0.000130195185
0
0
0
0
0
0
0
0
0
0
0
0
0
0.000159475312
0.000168477956
0.000114602946
0
0
0
0
0
0
0.000263121125
0.000379138044
0
0
0
3.69238369e-05
0.000247888209
0.000470674306
1.66523478e-05
0.000145335289
0.000123715261
0
0.000299833948
0
9.17753205e-05
0.000268669304
0.00013914099
0.000307345326
0.000217507113
0.000126396932
0
0
0
0
0.00014049634
0
0.000408435008
0.000398047821
0
0
0
0.0003637482
0.000612949545
0.000420769473
0
0
0
0
0.000113876493
0
0.000505548902
0.000734071305
0
0.000114650553
0
0
0
0.000948617642
0.000426419225
0.000195893881
0.000197480229
0
9.67339729e-05
0
0
0.000589897158
0.000605431269
0
0
0
0
0.000454989407
0
0.000720617769
0.00055939873
0.000140176751
6.97170472e-05
0
0.000168985629
0.0001075978
0.00029241931
0.000255160732
5.23335948e-05
0
0
0
0
0
4.11468754e-05
0.000356704055
7.61782067e-05
0
0
0
0
0.000512090686
0.000419213029
7.82686675e-06
0.000212122803
0
0.00038020307
0
0
0.000372453709
0.000326410809
0.00026144585
0.000557160995
0.000526204065
9.38863959e-05
0
1.14432521e-06
0
3.19745232e-05
0
0.000306889444
0.000785612676
6.4391621e-05
0
0
0
0
0
0
0
0
0.000164588753
9.47357694e-05
0
0
0
0
0.000731782988
5.30244506e-05
0
0
0.000265900715
0
0
0.000381211808
0
0.000861435256
0
0
0
0
0.000284239795
0.00040030267
0.000170738494
0
0
0
0
2.56278163e-05
0
0.000419519027
0.000366484572
0
0.000274525548
0.000856352097
0.000463336241
0
0.000254851679
0.000136175004
0
6.02888031e-06
0
0
0
0
0
0
0.000584284251
0.000269231561
0
1.15620505e-05
0
0
0
0.000117634845
0
0
0.000224623014
0
0
0
0.000134014888
0.000270147226
1.9846244e-05
0
0
0
0
0
0.00016970608
0.000252916914
8.4200954e-05
0.000181648371
0.000228147517
0.000152977984
0
0
0
0
7.06946739e-05
0
0.000257461099
0.000314937293
0
0
0
5.00345632e-05
0.000162517419
0.000395183102
5.42553207e-05
0.000173308537
0.000102365557
0
0.000267097086
0
5.7266454e-05
0.000232120117
0.000114811584
0
9.44586718e-05
7.60083858e-05
0
0.000163094213
0
0.000144727703
0
6.35455444e-06
1.77335787e-05
1.32265504e-05
6.37098492e-05
9.86847808e-05
0
0
0
0
0
0
0
1.1756194e-05
9.70103138e-05
0.000189684579
0
0
0
0
0.000312142336
0
8.64365502e-05
0
0
0.000129709733
7.72569329e-05
0
0
0
0.00013755422
0.000308815972
0
0
6.92420872e-05
1.65346319e-05
0
0.000113827016
0
6.01005013e-05
0.000104887913
7.72677158e-05
0
3.43691281e-05
0
0
0.000217859808
0.000341993757
0.000329038681
0
0
0
0
3.60654703e-05
0
0.000316918711
0.000350743911
1.06006155e-05
0.00037043303
0
0
0
0
0.000640250975
0
0.000801431655
0
0.000114060807
0.000107539512
0
0.000137691619
0
0.000146368649
0.000236940323
0.000209037069
0
0
0
0
4.67879872e-05
0
0.000140143209
0.000391657668
0
6.22177758e-05
2.37791992e-05
0
0
0
0.000429139327
3.49192451e-05
6.32217507e-07
9.32850962e-05
3.22201413e-06
5.18589695e-05
0
0
0
0
0
0
0
0
0
0
0
0
0
0
0
0
0.000455855043
0.000667986344
0.000484267191
0
0
0
0
8.56774204e-05
0
0.000583842804
0.000703577418
0
0
0
0
0.000253266247
2.2704105e-06
0
0.000292995654
0
0.000521656533
0
0
0.000303065171
0.00014411287
0.000243252653
0.00358007499
0.0064657433
0.00674177893
0.00283879018
0.000750585517
0.000607963593
0.000114721646
0.000424399128
0.00025094187
0.00455425167
0.00638462929
0.00383728906
0.000349884009
0.00107204169
0.00189756206
0.00205170061
0.00166660396
0.00134708139
0.000538580294
0.000249223842
0.000102347687
0.000432598754
0.00125785265
0.00147165405
0.00169498567
0.000694014656
0.000789277197
0.000578079256
0
0
0
0
0.000305757712
0
0.00102983369
0.000946440152
0
0
0.000309237337
0
0
0
0
4.19194694e-05
3.15173238e-05
0.000582645996
0.000711437257
8.96395795e-05
0
0
0.000189129583
0
0.000276247825
4.5754663e-05
0
0
0
0.000162300785
0.000121218931
5.13943523e-05
0
0
2.17132038e-06
7.31408545e-06
5.32445774e-05
4.76958758e-06
0
0
0
0.000369507005
3.52724528e-05
0
9.07636349e-05
0
3.53459291e-05
0
0
0.000148157182
0
2.92939367e-05
0
0
0
8.99041552e-05
3.22961714e-05
0
0.000208653451
5.98866027e-05
0
0
6.27801855e-05
0
0
0
0.000127074658
0.000235593689
0.000152118111
0.000128962027
0
0
0
0
0.000259176712
0
0.000140542674
0.000106337779
0.000243669638
0.000230095495
1.46540779e-05
0
0
0.000112834408
0
1.2735677e-05
0.000260195055
8.71720476e-05
0.000441027834
0.000364463369
9.82828205e-05
0
0
0
0
0.000224113028
0
0.000686329266
0.000272830599
0
0
2.3423996e-05
2.92779605e-05
9.29195958e-05
0.000106010099
0
4.04650855e-05
4.68679573e-05
0
2.35362932e-05
4.7871079e-05
7.09936103e-07
3.892526e-05
2.05753167e-06
0.00016866668
0
0.000126333282
0.000113169073
0.000232023333
0.000118219468
0
3.68557521e-05
3.18413549e-05
3.85600579e-05
0.000116014497
3.4985409e-05
0
0
8.93456236e-05
0.000246159907
0.000274188496
1.8687484e-05
0
0
0
8.94846307e-05
0
0.000112889655
0.000329842936
7.26491562e-05
0.000346479675
0.000580918684
0.000312505756
0
0.000287074159
0.000169334249
0
5.14313651e-05
0
9.78253684e-06
5.20996073e-05
4.81327661e-05
0
0
0.000188234728
0.000182692704
0.000296590821
0
0.000266239513
8.05213713e-05
0
0.000150717009
0
0.000374092691
3.42467974e-05
1.09393886e-05
0
0
0
0.000262071146
0.000240132838
6.11853247e-05
0.000128323605
0
0.000184932709
0
0
0.000146791514
0.000196392415
0.000244694267
0.000188333535
5.32525846e-05
0
0.000106635816
0
0
0.00013383248
0
0.000344708475
5.4715656e-05
0
0
0.000473810884
0
0
0
2.21134214e-05
0.00066379545
0.000116599265
0.000317053811
0
0.000665982487
7.17147122e-05
0
0
0.00014700336
0
0
5.33851126e-05
7.70185288e-05
0
6.54513351e-05
0
0
0
0.000215048291
0
0
0.000199397327
0.00048603458
0.000440756179
0
0
0
0
6.06934409e-05
0
0.000315859186
0.000454167312
0.000291946897
0
0
0
0
0.00016042465
0.000203008778
0
9.6718024e-05
0
0.000135955939
0
0
6.31635776e-05
0.000132590416
0.000371903065
0.000731215463
0.000613011071
0
0
0
0
0.000135438517
0
0.000861714361
0.000839434972
0
0
2.4850815e-06
0
0
0
0
0
0
0
0
0
0
0
5.01016257e-06
0
0
2.13663152e-05
0.00025338601
0
2.51010042e-05
0.000130572269
0
0.00017558223
0
0
0.000131291381
0.000116547933
0
0
0
0.00216665561
0.0046222331
0.00264440174
0.00130745803
0.000218300731
0.000544416253
0
0
0.000170627987
0.00342224562
0
0
0
0.000146022372
0.000158656592
3.25298242e-05
6.03576409e-05
0
9.98148971e-05
0
0
9.29207745e-05
0.000114149756
0
0.000617312675
0.000515162246
5.51021003e-05
0
0
0
0
5.03193805e-05
3.55351658e-05
0.00076526677
0.000289409654
0
0.000140559001
9.91793604e-06
1.70512285e-05
0
0
5.19787645e-05
0
8.97364735e-05
0
0.000126068349
0.000150113032
0
0
0
0.000484959106
0
0
0
0.000170590341
0
0
0.000382541737
7.94946172e-05
0
0.000175066772
0
6.80720768e-05
1.83818665e-05
6.50361835e-05
0.000109286651
7.1802504e-05
5.85192538e-05
7.64256547e-05
0
3.13016353e-05
0
0.00013280932
0.000183946555
0.000116259485
0.000445652899
0
7.82765346e-05
1.01794603e-06
0
0.000661593687
0
0.00045997632
0
0.000189936196
9.38511585e-05
0
0
0
0
0
0
0
0
0
0
0
0
0
0
0
0
0
0
0.00229636929
0.00176697946
0.000155830581
0.000848393596
0
0.00149597984
0
0
0.00156938029
0.00144443498
0.000273234007
0
0
0.000759208458
0
0
0.000127880325
0
0
0.000782016607
0.000313859869
0
0.000239763074
0
0
0
0
0.000293612335
0
6.6077373e-05
6.60445876e-05
0
0
0
7.99972622e-05
0.00019601926
0.000394039729
0
0
0.000328687922
0
0
0
0.000112998066
0
0.000554440077
2.9499317e-05
0
0.000228111778
0
0.000127236941
9.90500339e-05
0.000127781896
0
0.000223014504
0.000144387654
0
0.000275549217
0
3.8155471e-05
0
0
0.000731837645
0.00370665686
0.00356372562
0.000433242618
0
0
0
0
0
0.00119247835
0.00465114973
0.00167680741
0
0
1.95797429e-06
0
0
0
0
0
0
0.000113682116
0
0
0.000209273756
0
4.84437332e-05
3.41819687e-05
0
0
0
0
0
2.14422125e-05
0
1.01909018e-05
0
0
0
0.000283478788
0
0
0
0.000426911807
0.000393958617
6.62874663e-05
0.000163991368
0
0.000279477506
0
0
0.000222133618
1.12401694e-05
0
2.21359551e-06
0
0
3.57392264e-06
0
2.64307164e-06
0
9.314821e-06
0
5.47362788e-07
0
0.000238291497
0
0
0
0.000374509254
0.000400808582
0.00011749976
0.000169675506
0
0.000202411888
0
0
0.000242572467
0
0
0.000133071022
0.000561453053
0.000498247682
0
0.000105991603
2.79155211e-06
2.49520799e-05
0
0
0.000448320032
0.000492118823
0
0
0
0
0.000207990393
0.000103448605
3.76125754e-05
0
4.19140306e-05
0
0
0
0.000105549741
0
0
2.06460254e-06
5.29921381e-05
0.000189014871
0
0.000241171612
0
0
1.15400699e-05
2.3675997e-05
8.13462539e-05
0.000116878131
0.000277434185
0.00030618973
0.00023896838
0
0
0
0
9.96495728e-05
0
0.000378163328
0.000471490115
0
0
0.000405787549
0.000352637959
0
0
0.000246361713
0
0
0
0
0
0.000149308238
0.000101756566
0
1.64741505e-06
0
0
0
0
0
0
0
0
0
0
0
0
7.3960342e-05
0.000200766575
0.00022493444
1.65823189e-06
0
0
5.26082767e-05
4.30793916e-05
0
8.89220901e-05
0.000275063678
0
0
0
0
0
0
0.000174827845
0
0
0
2.50405355e-05
0
0
2.95159534e-05
7.13495774e-06
0
0
0
0
0.000145021331
0
0
0
0
0.000143480545
0.000375493459
0.000240995781
0
0.000240681242
0.000901884574
0.000454677676
0
0
0
0
0.000129054868
0
0.000516100961
0.000831725891
0
0
0
0
0
0
0
0
0.000315545534
0.000119962147
0
0
2.35240532e-05
0
0.000256955303
0
0
0
9.84379076e-05
0.000358123973
0
1.29851678e-05
2.91020842e-06
0
0
0
7.17578805e-05
0.000203774674
0.000255839986
6.95097551e-05
0.000631618605
0.00106226187
0.00115885551
0.000541565008
0.000234911102
0.000202617142
0
0.00022955703
9.4870571e-05
0.000726528
0.00105823472
0
0
0
0.000345187553
0.000325800647
1.53475848e-05
0.000150705877
0
0.000281477347
0
0
0.000198727459
0.00022677824
0
0
0
0.000179024908
0
0
0
0
0.000136607428
0
5.76552411e-05
0.000207939214
0
0
0
6.62983584e-05
6.57419441e-05
1.6409067e-05
0
0
0.000114263246
2.82983128e-05
6.00737585e-05
0
0
0
1.25656916e-05
0.000223886818
0.000188025137
0.00022321711
0
2.5747393e-05
0
0
2.84693615e-05
0
0.000256884377
0.000167941238
3.44819782e-05
0.000317409198
0.000224680116
0.000220127185
0
0
0.00034139675
4.06281761e-05
6.91699242e-05
0.000241820162
0.000450722757
0.000615870638
0
0
0.000372670329
0.000992997084
0.00259585888
0.00389154232
0.0034564482
0.00194338697
0.000892301148
0.000445224869
0.000325451081
0.000256001775
0.00110808783
0.00285936124
0.00331766019
0.000229937505
0.000551247154
0.000601992011
0.00024356271
0
3.59209407e-05
0
2.15918262e-05
0
0.000209139384
0.000844513415
0.000147380022
0
0.000194662221
7.18170195e-05
0
0
0
0
0
7.99459667e-05
0
0.000214415588
9.35194475e-05
0
0
2.0511874e-05
0.000368265493
0.000330293493
0.00015846976
0
0
0
0
3.12340853e-05
0
0.000230109901
7.93223953e-05
0
0.000280925451
0
0.000109070097
7.45654688e-05
0
0.000322158827
0
0.000204926793
0
0.000101577891
0.000180548726
0
0
0
0
0
3.0597771e-06
0
0
3.72840404e-05
0
8.73932877e-05
0
0
5.13719533e-06
0
0
0
0
0
0.000147390048
0
3.47955283e-05
0.000177355629
0.000113826609
0
0
0
0
0
3.30253533e-05
0.000285495276
0.000333776115
0
0
1.2887821e-05
0
0.000179294744
0
0.000187483529
0.000372861949
0
0
0.00170469435
0.00239706947
0.00193000096
0
0
0
0
0.000825230032
0
0.00175328087
0.0032564681
0
4.59198272e-05
0
0.000256992993
0.000146359715
0
0.000369161076
0
6.62742386e-05
0
0.000340650498
0
0
0
0
0
0
0
0
0
0
0
0
0
0
0
0
0
0.000131000008
0
0
0
0
0
0
9.71852351e-05
0
6.85492269e-05
0
0
0
0
0
0.00015909526
0.000159174131
0
0
0
6.89476437e-05
0
0
0
5.77805986e-06
0
0.000846316863
0.000346675544
0.000524807372
0
0.001048779
0.000365561747
0
0.00108700874
0
0.00140175922
0
0
0
0
0
4.56504495e-05
3.11286021e-05
6.97494688e-05
1.49381649e-05
6.00812564e-05
0
0
5.18951747e-05
3.25921792e-06
5.7675993e-07
0
0.00030388459
0.000414773385
0.000321505679
0
0
0
0
0.00012055273
0
0.00036954158
0.000542305876
0
0
0
0
0
0.000262738351
0
0
0
1.70828316e-05
0
0
0
5.25464638e-05
0
0
0
0
0
0.000313736731
2.55441173e-05
0
0.000109836292
0
0
0
0
9.29955568e-05
0
0
0
0.000558358384
0.000189609287
9.89486434e-05
0.000124103972
0
8.9056055e-05
0
0
0.000301680091
0.000474042929
0.000348025264
0.000137774638
0
5.69561125e-05
0
0
0.000242484588
0
0.000817327644
8.58634157e-05
0
0
0
0.00365139917
0.00397828314
0.00144431903
0
0
0
0
7.41649783e-05
0.000292774988
0.0047476585
0.00267851818
0
0
6.91560199e-05
0.000113651615
0.000133802037
3.71329697e-05
6.69018627e-05
0
0
3.87879845e-05
4.95948552e-05
0.000139819225
6.90414599e-05
3.31098563e-05
0
0
0.000224218165
0.000444581732
0.00027705048
0
0
0
0
0
0
0.000502128911
0.000256217667
9.53934068e-05
0.000503939867
0.000485199911
5.50773757e-06
0
0
0
0
0
0.000182866206
0.000628148322
0.000204698299
0
7.54706853e-05
0.000318445906
0.000774503686
0.000828248973
0.000444120669
0.000263733207
0.000197209767
0
0
0.000337569945
0.000649508496
0.000723203586
0.000547423493
0
0
0
0
0
0.000100869474
1.55139205e-05
0
2.40755326e-05
0
0
0
0
0
0
0.00039787541
0.000719328003
0.000404467253
0
5.20328358e-05
0
3.06154543e-05
0
0
0.000712376263
0.000420800003
0
0.000104563034
0
0
0
0
0
1.27690764e-05
0
0
0
0
0
0
0.000672108203
0.000862028508
0.000474545988
0
0
0
0
0.000104048311
0
0.000913336116
0.000933875097
0
0
0
0.000416683266
6.10825955e-05
6.80726735e-05
0
9.29361777e-05
0
0
5.36499283e-05
0
0
4.74014014e-05
0
0.000283858215
0.000477595866
0.000332761992
0
0
0
0
8.02620198e-05
0
0.000443190278
0.00046848791
0
0.00032747793
0
0
0
0.000701411045
0.000752456021
8.57963969e-05
0.00026998992
0
0.000260804954
0
0
0.000152440814
0
0
0
0
0
0
0
0
0
0
0
0
0
0.000187354279
0.000235182408
0.000672925788
0.00101955724
0.00101077405
0.000649766589
0.000252523547
0.000173674969
3.95795687e-05
0.000124032711
0.000272391771
0.000723688456
0.00097856787
0
0
0
0.000573034748
0.000367307133
0.000110187946
0.000184540331
0
0.000361060724
0
0
0.000361996063
0.000393524475
1.63898876e-05
0
0
3.94107883e-06
0.000134721166
5.1676674e-05
0
8.54200916e-05
4.50980951e-05
0
1.26382893e-05
6.05990499e-05
3.27161542e-05
9.29552043e-05
0.000442405115
0.000466130441
0
0.000185168552
0.000236351378
6.6896042e-05
0.00011387741
0.000174608664
0
0
0
9.21192914e-05
6.80753728e-05
0
0
0.0001042816
0.000432002911
0.000171010572
6.99816228e-05
8.64894973e-05
0
3.31507945e-05
0
0
0.000300177664
0
0
0
3.34660253e-05
0.000104196115
0
0.000193114523
0
0
0.000141967554
0.000195157219
7.05603306e-05
0.000103921673
0.000372100767
0.000395465177
0.000234625564
0
0
0
0
0.00013943603
0
0.000514675863
0.000510003883
0
0
0
0
0
0.000126897299
0.000483468553
0.000127467341
8.72133605e-05
3.73885341e-05
2.36825281e-06
0
0
3.0099658e-05
0.000287522591
0.000310060335
0.000333649077
0.000166840939
4.35528364e-07
0
0.000213994659
0
0.000102674137
0.000212643805
0
0
0
0
0
0
0
0
0.000310705131
0
0.000410871813
0
8.28829434e-05
0
0
0
8.54162499e-05
0
0
0.00025675146
0.000175772322
0.000322299136
0
0.000126391766
3.27045782e-05
0.000365132815
0.000393023132
0
2.7486094e-06
0.00022062569
7.05143175e-05
0
0
0
6.2596293e-05
0
0
4.46709237e-05
0
0.000125190476
4.98485824e-05
0
0.00011564546
0
5.21161564e-05
0
0
0.000357174984
0
0.000349431852
0
0.000213181862
0
0
0.000177974085
0.000215040927
0.00020216158
9.62898484e-05
0.00024732796
8.23436567e-05
0
0.000104160979
2.48849556e-05
0.000187381913
0
0
7.73740521e-06
0
0
0
0
0
0
0
0
0
0
0
0
0
0
0
0
0
0
6.80758458e-05
0
0
7.16866998e-05
0
0.00011429609
5.89094925e-05
0
1.31097477e-06
3.29846898e-07
1.12618582e-05
0
0
3.48167305e-05
0.000206273224
0
0
0
0
8.8237739e-06
0
1.54030859e-05
8.02586292e-05
0.000898921047
0.000973184127
0.000362169376
0
0
1.1781096e-05
0
0.000300549844
0
0.00101402728
0.00105105119
0
0
0
2.85861352e-05
0
0
0
0
1.4139825e-05
0
4.30849104e-05
0
0
0
0
0
0
0
0.00033529615
0.000404407736
0
2.89997297e-05
0
2.3441833e-05
0
0
0.000355674187
0.000284675945
0
0.000199820308
0
0.00013839548
1.42608051e-05
0
0
6.77356293e-05
8.21298454e-05
0
0
0.000152767549
0.000172732689
0.00012372066
0
0
0
0
0
8.53378224e-05
5.58759421e-05
0
0.000199812435
6.71665402e-05
0
0
0
0
0
0
0
0
0
0
4.6190431e-05
0
0
0
0
0
8.81583837e-05
0.000153136236
0.000104526895
0
3.88188073e-06
8.42515801e-05
8.36503659e-06
0
0
8.61036606e-05
6.642472e-05
7.63592689e-05
0
2.64341234e-05
8.63871028e-05
0.000125155188
2.81448174e-05
0
1.98864946e-05
0
4.36674745e-05
0
6.04866136e-06
0.000159294199
5.56778396e-05
0
0
1.22654069e-06
0.000356984558
0.000406444335
0.000196611712
9.90997141e-05
0
0.000278831983
0
0
0.000337356294
0.000249553443
0
0
0
0
0
0
0
0
0
0
0
0
0
0.000314901641
0.00102970016
0.000862767338
0.000363389612
0
0.000218586065
0
0
0
0
0
0
0
0
0
0
0
0
0
0.00011054775
0.00016231912
0.000251031597
9.56876975e-05
0
0
0
0
0
6.60776277e-05
0.000278145715
0
0.000277822197
0.000145167796
2.86895774e-05
0.000160922093
0
8.9427529e-05
0
0.000114168193
0.000364996493
0.000603680091
0.00159643823
0.00259846915
0.00266305683
0.0017021324
0.000695065362
0.000435658294
0.000196070672
0.000324789027
0.000746924023
0.00183800748
0.00246958202
0
0
0
0
5.58547508e-05
0
3.90223686e-05
0
0.00034346414
0
0
0.000392137561
0
0
0.000211931314
0.000303585228
0.000252133003
0
0
0
0
0.000135847862
0
0.000254842977
0.000505149481
0
0
0
0
1.21109215e-05
0
4.97486144e-05
0
0
0
5.35641811e-05
0
7.53519271e-05
0
0.000169868523
7.76671368e-05
0
5.66948802e-06
5.30470206e-05
0
5.78176914e-05
0
0
0
6.92718459e-05
0
0.000150152744
0.000112530659
0.000165253528
0.000492274005
0.000500821159
0.000320066232
0.000253491278
0.000158584196
0.000166513622
5.76901184e-05
0.000204697499
0.000315050595
0.000406233419
0.000354813761
0.000138506439
0.000279913394
0.000591107702
0.000322506559
4.78297588e-05
9.74478316e-05
0.000102657592
4.78251968e-05
0.000220179936
3.92263319e-05
0
0
0.000197295871
0
2.74988342e-05
5.67287534e-05
0.00012659558
0.00026110452
0
0.000142378514
0
4.33033747e-05
0
0
0.000232485268
0.000158661031
0.000122017736
9.80397599e-05
0
0
0
0.000134403526
0
6.70457812e-05
0
0.000244996423
3.39676008e-05
0
0
0.000131018693
8.65135007e-05
0
0
0
0
0
1.86907673e-05
0
0.000186036763
0.000145807062
0
0
0
0.000223912924
0.000309483759
0.000353275158
0
0
4.99211092e-05
0
0.000133741109
0
0.000226578733
0.000402718579
9.64261781e-05
0.000100889352
0
0
0
0.000501000322
0.000214955609
0.000102764963
0.000116643467
0
6.63747269e-05
0
0
0.000331385352
0
0.000396002317
0.000491490006
0.000339436403
0
0
0
0
0.000134351096
0
0.00046787411
0.000653326453
0
0
0
0
0
0
0
0
0
0.000242507434
0
0
0
0
0
2.19810318e-05
4.50644402e-05
7.61642514e-05
0
7.3958523e-05
4.96802568e-05
0
9.66593652e-05
0
4.04774528e-06
2.53430117e-05
1.90431583e-05
0.000587326125
0
0
0
0.000447717321
0
0
0.000239102636
0
0.000780032075
0
0
0.000204108248
9.41790204e-05
0.00016692924
6.67034474e-05
0
8.8517445e-06
0
4.91185237e-05
0.00012724624
8.27030817e-05
0
0
0
0.000111654525
7.11072062e-05
0
0
0
0
0.000113911061
3.09317693e-06
1.83593693e-06
0
0
0
0
0
4.78091351e-05
0
0
0
0
0.000200079376
5.0032475e-05
2.04822645e-05
5.2993305e-06
0
0
0
2.54712359e-05
0
0
0
0
0
0
0
0
0
0
0
0
0
1.11725376e-05
0
0
0
0
0.000203375137
3.54537478e-05
0
5.57120293e-05
0
2.93453468e-05
0
0
0
0
0
5.71221899e-05
0.000242147784
2.5359137e-05
1.59382053e-05
1.16900501e-05
0
0
0
3.91168178e-05
0.000118691467
0
0.000244585419
0.000355944765
0.000255452003
0
0
0
0
0.000111191795
0
0.000359976548
0.000357045006
0
0.000512948376
0.00199916773
0.0042353319
0.00493963622
0.00336895231
0.00165265589
0.000826686213
0.000443998404
0.000275308994
0.000584674126
0.00250728545
0.00415856391
0.00363528007
0.000677487056
0.00222363463
0.0016665794
0
0
0
0
1.08674321e-05
0
0.00106481521
0.0028198692
0.000144566147
0
0.000190131366
0
0
0
6.15994068e-05
9.34806085e-05
0
0.000122262281
9.00111627e-05
0
0.000280640088
0.000288793817
0
0
0
0
0
0.000838676176
0.000343561522
0.000175202324
8.14140585e-05
7.63593052e-05
0
0
0
0.000372571667
0.000641217106
0.00237958645
0.00227559172
0.000864356814
0
0
0
0
0
0.000714766851
0.00331963203
0.00086297252
0
0.000242113543
0.000371646282
0.00036313379
0
0
0
0
9.37970617e-05
0
0.000367366592
0.000419087475
0.000121949
0
0
0
0
0
0.000585427159
0
0.000337465346
0.000149577449
0
0.000216724249
0.000231052793
0.000103226426
0.000578892766
0
0
6.9597867e-05
0.000206741155
0.000176232483
0
2.92236273e-05
0
3.10919822e-05
0
0
0.000251120859
0.000121450175
4.53055181e-05
0
0
0
0
0.000109038512
0
5.69620934e-05
0
4.16138719e-05
0
0
0
0
0
0
0
0
0
0
0
0
0
0
0
0
0
0
0
0.000168559884
0.000618467981
0.000265897106
0.000174525092
5.64467628e-05
2.82416568e-05
0
0
0
0.000407670217
0
0
0.000358103338
0.00099715637
0.000821482041
0
1.82779222e-05
0
3.58883444e-05
0
0
0.00111472234
0.000657053199
0
0
9.33798656e-05
0
0
0
0
0
9.22010222e-05
0
0
5.64687325e-05
0
9.86713276e-05
0
7.78690373e-05
0
1.97996469e-05
0
0
0
5.49910828e-06
3.41490704e-05
1.81912565e-05
9.60406032e-06
0
0
0
0
0.00012784217
0.000388116925
1.05213758e-05
6.97412033e-05
3.92357033e-05
0
0
0
8.26237083e-05
0.000271561963
0.000164569676
5.14776439e-05
0
0
0
9.34503551e-05
0
6.48884743e-05
0
0.000233895451
6.04407469e-05
0
0
0
0
0
0
0
0
0
0
8.2411083e-05
0
0
0
0
0.00036174056
0.000344594417
0.000207744772
0
0
0
0
0.000143472498
0
0.000465718826
0.000472392654
0
0
0
9.05209163e-06
5.72802455e-05
0
7.46790029e-05
0
0.000270606746
7.35927533e-05
0.000484197022
6.58533681e-05
0
0.000131197972
3.15851139e-05
6.23942979e-05
0
0
1.83793636e-05
9.52901682e-05
1.48356912e-05
1.20498171e-05
3.76646349e-05
0
9.32971961e-05
0
0
8.00597845e-05
0
0.000376403797
0.000214382322
3.25239671e-05
0
0
3.0696699e-06
0
0.000200352835
0
0.000492434774
0.000121577898
0
0
0.00028497295
0.00027013669
0.000186537698
0
7.96080858e-05
0
7.34458736e-05
0
0
1.82631084e-05
3.06175789e-05
0.000303638342
0
0
0.000291170523
0.000433803449
0.000338061451
0
2.59676563e-05
0
0
0
0
0.000511208782
0.000326641777
0
0
0
0.000393806346
0.000304514135
0
4.39157375e-05
0
0.000162668555
0
0
0.000352869974
0.000231270838
0
0
0
0
2.00467293e-05
7.10020249e-05
0.0001767465
0
0
6.71348826e-05
7.03004989e-05
0
0.000114792434
0
0.000478516944
0.000439065683
0.000110385648
0
0
0
0
0.000112640999
0
0.000596858503
0.000335744931
0
0
1.08734048e-05
6.14460878e-05
1.45939321e-05
0
8.03632502e-05
0.000131154331
6.27890768e-05
0
0
0
0
0.00014961604
0
0
0
0.000143690602
0.000402145495
0.000134279559
7.15579517e-05
0
1.43413199e-05
0
0
4.467697e-05
0.000233986779
6.44105894e-05
0
0
7.3328767e-05
0.000199951348
0.000575901649
0.000186342964
4.94744927e-05
0.000116687639
0
0
0
0.000200773953
0
0.000527921715
0.000426495797
0
0
0
0
0
0.000176930407
0
0.000646660512
0.000348537811
0
0
0
0
0
4.63852302e-06
0
0
0
3.17100494e-05
0.000262880902
0.000100205994
0.000133774811
0
0
0
0.000142042656
0.000231270737
0.000178830509
9.32506664e-05
0.000131333552
6.6870045e-05
0
0
0
0.000136945586
0.000328110211
4.77169197e-05
0.00024644463
0.000220513801
9.11596217e-05
0
0
0
0
1.85839344e-05
0.000103455015
0.00040302088
0.000100987774
0
0
0
0
0.000131108027
0.00017768683
0
4.77126196e-05
0
0.000109379682
0
0
9.73464412e-05
0.000123873673
2.77510044e-05
6.03620756e-05
0
9.89044656e-06
0
7.86238525e-05
0.000170763276
0
0
2.86942268e-05
6.18260383e-05
0
0
0
0
0
0
3.98985358e-05
0
1.89932257e-06
0.000126777522
0.00022394296
0
0
0
0
0.000112773036
0
0
5.35642321e-05
0
8.13798397e-05
0
2.40254994e-05
5.05716234e-05
0
0.000168736748
5.6197001e-05
0
0
0
0
0
0.000421906414
0
0
0
0
0
0
8.6714208e-05
0.000129176406
0.00015250541
2.23826883e-05
0.000117494477
0.000215335836
0.000289654243
0.000218782996
0.000165773643
0
0
0
0
0
0.000208835278
0
0.00068917725
0.00052761886
2.49211498e-05
0
0
0
0
7.17861622e-05
0
0.000837115804
0.000294959609
0
0
0
9.4008843e-05
0.000394911563
0.000210011975
0
1.1599961e-05
0
3.89978813e-05
0
0
0.000209970895
0.000200495982
0.000132871006
0
0
0.00020663171
4.28068342e-05
0
0
3.95452153e-05
0
0.000237695553
0
3.944114e-05
0.000171598411
0
0
0
9.77444652e-05
0
0
6.99938755e-06
0
3.10913638e-05
2.80517706e-05
0
1.05411909e-05
2.56975727e-05
3.19217143e-05
0
0
0
0
0
0
1.99187434e-06
0
4.62699682e-05
0
0
0
0
0
0
0
0.00233297003
0.0010823682
0.00066127337
4.06589825e-05
0.000203809424
0
0
0
0.000902927248
0
0.000137540192
0.000243555158
0.000325909554
0
0
2.0983478e-05
0
0.000132342029
0
0.000204495343
0.000416153343
1.27762792e-06
0.000503050222
0
9.26113571e-05
3.63482977e-05
0
0.00044252837
0
0.000423677731
0
2.42889928e-05
0.000297900464
0
0
0
0
0
0
0.000476756511
0
0.000550983241
0
2.02781775e-05
0
6.39142454e-05
0
0.000269576616
0
0.000347508176
2.80435052e-06
8.42654335e-05
0
0.000199949776
0
0
7.47022423e-05
0
0.000264693546
0
0
4.40698495e-05
0.000207078672
0.000154791516
5.42511202e-07
0
5.39957109e-05
0
0
1.47024148e-05
4.24454447e-05
0.000295710342
0
0
0.00182534882
0.00197473704
0.00115767121
0
0
0
0
0.000660991645
0
0.0023414751
0.00254496443
0
0
0.000154047404
0
1.46324792e-05
5.56756549e-06
4.49822655e-05
9.55033902e-05
0
0
6.12198783e-05
3.88799745e-05
6.88745513e-06
0
0
6.41716106e-05
8.99614461e-05
2.66990937e-05
0
0
0
0
3.22628039e-05
0
0.000130136308
7.7197983e-05
0
0
0.000199005648
0
0
0
0.000117707801
0
0
0
6.33975578e-05
0
0
0
0
0
0
0
0
0.00112783897
0
0
0
0
0
0
0
0.000249912089
0
0
0.000273843587
0.000442116259
0.000336188066
0
0
0
0
0
0
0.000525319134
0.000294144556
1.72795553e-05
0.000200249138
9.71073168e-05
0.000184166303
0
5.55753759e-05
0.000242735448
1.0000811e-05
0
0
0
0
0
0.000101054102
0.000386164233
0.00129861617
0.00215649488
0.00180421257
0.000817401742
0.000464383222
0.000172483298
0.000139037918
0
0.00047919873
0.00163855683
0.00175870582
0
0
0
0
0.00017493403
0
0
0
0
0
0
2.1417356e-05
2.03385825e-05
0
0
9.6764461e-07
0.000726725732
0.000963751168
0.000504326192
0.000276015606
7.21895485e-05
0.000169607069
0
0
0.000404066901
0.000796886452
8.43938324e-05
0
0
0
6.77792341e-05
6.85538316e-06
0
0.000236901615
3.0394267e-05
7.10501172e-06
6.43281019e-05
0
0.000129531909
0.000199831324
0
2.3638363e-06
0
0.000121222445
0
0
0.000337043079
0
0
8.51673176e-05
0
0.000182841235
0
0
0
8.55518083e-05
0.000646167202
0
1.17199943e-05
4.79124765e-06
0
0
0
0.000167215592
0.000319851417
0
0
0
0.000391182315
0.000191798797
0.000523158931
0.000273682817
0
0.000466230937
0
0
0
0.000228175093
4.6553796e-05
4.05622704e-05
0
6.36488476e-05
0
0.000175769848
0
0
0.000144115795
0.000117681178
0
5.42174312e-05
0
0
0.000599335996
0.000735276437
0.000754695211
0
0
0
0
8.2144812e-05
2.83590925e-05
0.00078458857
0.000716350041
0.000159474614
0.000457570713
0.000220923393
6.10790084e-05
7.52042615e-05
0.000142897086
5.47499912e-05
0.000107175285
0
0
0
9.06097193e-05
0.000144474645
0.000284846959
0
0
0
0
0
0
0
0
0
0
0
0
0
0
0
0
4.0560637e-05
0.000303674955
0
0
0
1.03967511e-06
0
0
8.53427773e-05
0.000104882725
0.000168341401
4.88726364e-05
9.92765422e-07
0
0
2.27568435e-05
0
8.64215617e-05
0
0.000189893064
7.64178403e-05
0
0
0.00052893348
0.000906470814
0.000598864979
0.000100172576
2.97001388e-05
0.000181069408
0
2.21181544e-05
0
0
0
0
0
0
0.000191074912
0.000348791393
0.000313819648
0
0
4.93516836e-06
0
8.48830387e-05
0
0.000262432441
0.000336408062
2.94248966e-05
0
0.000175391266
0.000219152498
0.000165838093
0
0
0
0
0.000116526964
0
0.000240097346
0.000225434647
0
2.0631167e-05
0
0
0
0.000182885124
3.66951099e-05
2.13561361e-05
5.94031844e-05
0
0
0
0
0.000118335352
0
0
8.97016362e-05
0.000262880552
6.52298768e-05
0
0
0
9.37016594e-05
0
3.98880511e-05
0.000280813401
3.07935188e-05
0
0.000299858133
0.000174738903
0.000191165949
0
0
5.69239273e-05
0
0
0
0
4.36467126e-05
0
0
0.000149968677
0.000356724195
0.000439345662
0.000183018929
0
1.53417768e-05
0
4.47741695e-05
0
0.00017805025
0.000498579466
0.000202337033
6.19559141e-05
0
0
0
5.26229414e-05
5.8793943e-05
4.27829809e-06
5.77040191e-05
0
7.96763998e-05
0
0
0
0.000463512843
0
3.93792761e-05
0.000209719015
0
0.000469423656
0
5.45388975e-05
0
4.7504087e-05
0.000312490534
0
0
0
3.53283176e-05
0
0
0
2.17482229e-05
0
0
2.88697775e-05
0
4.34894937e-05
0
0
0.000287491537
0.000124958082
0.000456128182
0.000558780157
0.000140227276
7.17489747e-05
0
0.000118806849
0
0.000324463821
0.000467450212
0.000310613716
0.000315719168
0.000480902498
0
0
0
0.0001930281
0.000709935091
0.00011432411
0.000275814498
0
0.000450477179
0
0
0
0
8.71343509e-05
0.000154862035
0.000561134599
0
1.1916145e-06
9.97115203e-05
0
0.000472894288
0
0.000463647564
0.000399137265
0
0
6.4607877e-05
0.000150940337
0.000261885085
0
0.000266829506
0.000170777086
0
0.000357604411
0
0
6.37339035e-05
4.97676192e-05
2.06420136e-05
7.62992713e-05
0
0
0
0.000180138391
0.000174576737
1.59943193e-05
0
0
7.012063e-05
0.000181292693
1.82926724e-05
7.59357354e-05
0
0
0
0.000273868296
0.000128723957
6.20143619e-05
8.13388615e-05
0
4.91638821e-05
0
0
0.000183103126
8.5362095e-05
0
0
0
0
0
0
0
7.71599516e-05
2.13827625e-05
0
0
0
0
0
0
9.13611948e-05
0.000181324314
0
0
0
2.3235847e-05
0
0
0.000162835146
1.30311059e-06
0.000214218584
0
8.31683428e-05
0
0
0
0
4.89389604e-05
0
0.000201096162
0.000219569876
0
0
4.92297113e-05
0.000156184455
0.000126585146
0
0
0
0
0
0
0.00012483359
0.000199280184
0
0
