0.248402908
1.12422001
1.11089623
3.74914098
3.70207262
5.38570404
5.38077307
0.280887246
0.260236293
1.84488583
1.99363518
1.97822738
1.90298796
2.14607358
2.26769471
2.28949356
4.26850128
4.22527313
3.77708983
3.71795893
2.29708242
2.10782909
2.49646235
2.36740661
2.59328198
2.77020764
1.99012756
2.13160586
2.03811359
1.99930871
2.1497941
1.35812175
1.49805212
1.96624613
2.01869988
1.72030199
1.48161256
1.66201448
1.80937302
4.84369946
4.93186474
4.98477745
10.5193548
10.6227474
10.8379602
10.7093077
8.30460739
8.32353592
5.78073931
5.30819845
6.56383705
6.7362566
17.1375408
9.49438
9.24200439
14.812994
14.4067163
8.1391058
8.10439396
18.8657818
18.8073578
13.515933
13.1894188
11.2219563
11.3504753
0.674048662
1.00668836
1.06049097
0.618228674
0.75066191
0.000243678631
0.000104640108
0.268641502
0.158172637
1.53220916
1.47151983
0.790532589
0.652075827
6.88175058
4.79666138
4.81995726
5.5058918
5.25274944
5.83924961
6.09833527
10.0258055
9.84419823
12.4015846
12.7321863
9.25859451
9.34464741
2.19753361
1.02411139
0.97016114
1.86508524
2.12013817
0.977682114
0.960095465
3.17893171
3.4539187
3.08758736
3.14872789
1.14825594
1.26693261
2.10768414
1.45368814
1.49880242
4.42564869
4.36925697
7.55484724
7.74569893
8.16837406
8.07680702
3.5909369
3.4161334
0.675841212
0.779497623
4.82201004
7.59808207
7.36635113
5.46052885
5.44638872
5.8412075
5.79151678
8.93162346
8.49914932
0
0
8.03497023e-05
0
3.13159037
3.4134047
3.42302251
1.67558074
1.6282661
3.00536752
2.9828794
3.06583071
3.05243397
1.15710688
1.07551563
2.10654235
2.27934837
1.64828265
3.54978824
3.4946208
9.10567379
8.81855202
9.36775494
9.42799759
3.06010485
2.85331202
1.86068106
1.67260885
1.39310956
1.38078856
5.82583332
4.729002
4.55303669
10.4671974
10.4398785
8.48595524
8.61796284
4.30126286
4.2358942
3.5244751
3.20563221
3.67460442
3.94959092
0.0248402786
1.56577063
1.59357977
4.23295975
4.23611784
4.94363785
4.79760599
1.85282552
1.73337102
3.63232732
4.04967356
1.95989251
2.00388312
0.777897596
0.719374299
0.716575563
0
0.000178464863
2.27814555
2.6105063
0.126217037
0.131241828
0.344491214
0.347174674
0.0553069599
0.04837602
9.13147354
7.03192949
7.19033098
6.004035
5.59080601
6.09152937
6.09152699
6.87584734
6.9893589
3.98728895
3.87731624
8.41433144
8.26162052
7.46027899
9.79338074
9.40028763
3.32207537
3.37736654
4.72481871
5.43705463
0.52109915
0.794254303
2.13192081
1.77941191
0.68766439
0.8798877
9.03440666
8.64856148
8.60398579
16.1878891
16.2630272
16.5885086
16.7127323
16.4576893
16.1910744
10.6355877
10.5423813
13.2335739
13.2440014
8.26226902
12.1521511
12.2865705
3.92211723
3.80718923
7.16716862
7.10950232
6.89855003
6.64116144
4.0954895
3.90950131
8.04526329
8.50201797
0.978901386
3.17524195
3.4098444
2.13867688
2.21791363
2.71743488
2.5863893
3.73688841
3.73594546
2.02055693
2.06191516
2.28319573
2.18259645
3.06615591
6.14370871
6.16359329
2.15416288
2.24083567
3.31591749
3.9927597
4.90462685
4.42943859
1.5690043
1.69238007
3.07604146
3.76068974
9.13619804
6.03326368
6.52026939
9.05234337
9.27353859
9.45331669
9.78449345
5.46586418
5.94481659
9.04060078
8.97890663
1.13799644
2.25452828
3.713763
0.960830629
1.0707922
3.34103489
3.29422903
1.68329895
1.75883508
2.28129292
2.4706409
1.99358726
2.38768196
2.42475128
2.44133043
1.62506354
2.21290302
2.13546801
2.19905448
2.25794888
1.78857684
1.84697175
2.39184022
2.41130209
3.70401525
3.90481281
3.68484998
3.63146353
1.82572079
3.28706121
3.40211535
8.94093895
8.8648262
13.5822659
13.5569992
6.10084295
6.18055439
4.08248854
3.64469624
3.61078119
3.258044
5.49305248
6.92509747
7.03357315
4.78195953
4.64375305
14.3181076
14.3469906
12.3040524
12.3495636
16.1698875
16.2594604
13.0351334
12.9324799
3.96763039
5.53494453
5.45354462
3.3227489
3.292804
2.20120525
2.12666798
4.08010435
4.20816612
2.48335576
2.23073268
2.98019361
2.89566612
2.06929231
6.41638851
6.28307438
2.19243765
2.36597776
0.949331164
0.965295136
0.537679911
0.574330449
0.000121652745
0
2.16081095
2.32182527
1.91262006e-05
0.955693245
0.923195183
1.05399895
1.22288954
0.901693463
0.898164749
0.0931475013
0.0355250239
1.51458907
1.53309321
1.24869204
1.28213441
0.000101927377
0
0.00044427067
0
0
0.248121098
0.309278607
0.156726182
0
0.461719722
0.523601592
0
2.98931518e-05
2.5334146
2.62405324
2.42365623
1.07996631
1.12013447
0.641906381
0.630008996
0.743687034
0.760192156
2.08625221
1.67274129
0.342667669
0.38686344
0.623277605
0.5672912
0.563775241
3.45740438
3.46249723
1.77280974
1.61817598
0.619743526
0.740593433
0.589569211
0.609399378
1.89372563
1.85162723
14.3993073
20.4219418
20.54039
14.7926397
14.696456
17.4243507
17.5680141
11.4322119
11.8489952
7.13527632
7.03833485
5.54142094
5.23174572
3.7492671
2.84683704
2.78550982
0.634768069
0.629956841
5.56464052
5.69070244
5.06179523
5.17089796
0.560630381
0.632506788
1.24311817
1.2037015
0.691317976
1.27902937
1.53723073
2.54342318
2.5845449
0.309625387
0.227244124
1.02992165
0.913806975
8.20816898
8.31964779
5.23253679
5.06151962
5.19858265
5.93208265
5.56359577
2.31934214
2.19809866
4.12543344
3.88979101
1.0084554
0.785951853
5.04841661
4.47387695
1.97765136
2.18584609
0.0811839625
0.378852606
0.403509855
2.1124115
2.19472051
5.87772942
6.05813026
3.91265702
3.98045826
2.42676258
2.24394751
0.934529305
0.911329508
1.89985216
1.33728135
1.43165755
3.55768871
3.63475466
2.75634956
2.91767716
2.61255169
2.58638573
0.408024013
0.584874511
0.595242739
0.683872581
3.21746802
1.45176005
1.43227422
0.825681686
0.831671059
0.600483418
0.688580275
3.11948204
3.46547937
15.4515905
15.7249956
12.9486313
13.3033047
6.07246399
3.77505064
3.66025281
6.89125443
6.4209218
6.52150679
6.30977964
0.125801712
0.117317252
1.13276768
1.32751179
3.47446442
3.77090859
4.81905365
4.05993462
4.02307844
4.76547337
4.86218452
6.2415638
6.50828218
13.9438496
14.0607967
5.06513691
5.01370907
3.68720722
3.91042852
1.54874945
2.07281947
2.02069569
1.83496571
1.8774333
1.87984848
1.84307718
2.20441151
2.590729
3.0356226
3.09417582
2.63166952
2.66397905
0.0715171099
0.297816336
0.397386789
2.4818294
2.42045736
2.34068775
2.39611435
1.58850622
1.58219671
0.284555525
0.229961768
2.08986092
2.23959184
13.7176361
8.42509842
8.48799706
12.3688278
12.0739889
10.3933687
10.5549994
10.1895895
10.1373997
7.78625822
7.82966089
9.80105972
9.67965126
4.73517132
5.00056553
5.16894913
1.94234121
1.87161386
3.40897918
3.54895473
4.89361191
4.92576742
3.87393975
3.72648168
2.74047732
2.78750396
2.57746458
0
0
0.287068903
0.412616432
0.0900763422
0.135782704
0.210175395
0.037966717
0.850979924
0.990164816
1.89674234
1.94643474
0.569270134
0.000803747098
0.000348607398
6.05003166
6.50555325
0.000374063209
0.063760519
0
0.000222304589
6.57761029e-06
0
0.177970916
0
5.27577591
4.69713688
4.5578599
6.46695805
6.52716446
9.11114693
9.00810337
8.78559875
8.77131367
8.38986778
8.48869038
7.47685146
7.29777622
1.2858696
7.20134163
7.48570108
4.00110388
4.0344286
10.213995
10.0969839
3.19819474
3.81848979
0.116811462
0.150974348
0.146204174
0.219936877
2.33310366
2.26807189
2.17852163
2.35081291
2.57063007
2.73806429
2.7135694
4.72999763
4.96139717
1.41635978
1.30809736
1.66474748
1.88327336
1.29841304
1.48406398
1.56517792
2.31374192
2.25734091
2.1625154
2.21790981
2.41323137
2.71832395
1.17221022
1.01320386
0.476815313
0.490441769
2.06329584
1.68877625
1.6355139
1.66420388
1.66929793
1.95617223
2.25420833
2.32593703
2.27293825
1.8209219
1.63439751
1.65756083
1.8124969
6.76167297
8.57689476
8.53866768
6.87199688
6.96349335
4.76109171
4.74071407
5.14221954
5.26660061
4.87075949
4.76754332
5.91713715
6.10984802
6.32956123
6.11004257
6.12506676
0.682948768
0.809701681
2.77704334
3.02037883
6.22957611
6.16608191
4.01390219
4.00844479
5.70992184
6.11030722
2.24377584
4.75857925
4.76695538
3.68628263
4.07798481
3.45935011
3.56295013
2.02363992
1.87299967
1.21675301
1.47476196
3.19696474
3.17396164
4.71354198
6.99268246
7.09820652
5.60033703
5.41531372
7.87112474
7.11021042
5.93235636
6.71987677
6.32558298
7.77966928
12.6072617
13.0019779
1.5899595
0.00055873394
0.000577403873
3.25052428
3.17671919
0.895117581
1.00551391
1.18369806
1.27259743
0.934445441
0.917532384
1.26672792
1.41954494
0.00013925969
0.0006584535
0.00069631479
0.0583147779
0.0656455085
0
0
2.8395134e-06
0
0.000241907182
0.000833203783
0.000373429153
0
0.908281982
1.09858143
1.16409087
1.30223286
1.31331027
1.0930779
1.0528791
2.62299037
2.76349449
1.21808815
1.32242715
1.22226167
1.13222885
4.27412033
4.9114666
4.63306999
3.03920317
3.239223
1.66543484
1.71420157
7.31336975
6.75011778
6.11843824
5.90802574
6.15946579
6.28098392
1.96529603
4.77092648
4.9071517
10.2440481
10.6638784
6.71377373
6.56133366
2.83675003
2.68902636
1.10821116
1.29059088
1.48237741
1.44498765
6.32390594
2.09856582
2.14407682
10.4216499
10.1870041
6.76039314
6.43505764
4.27037621
4.84515476
2.96601081
2.65795183
3.78170562
3.77378941
1.29222786
2.29735184
2.29575443
3.42115021
3.25071287
2.73220444
2.87886453
2.39196157
2.54231668
4.39311028
4.49147272
2.46713448
2.26964712
0.396182984
0.961553812
0.984169066
0.885303319
0.912788391
0.70228821
0.610852361
0.739773512
0.775602698
0.457466304
0.500938237
2.41363335
2.51378036
15.6687126
16.1207771
16.1432686
19.6283188
19.780632
17.1659393
17.1201591
13.0066938
12.9102116
10.1948366
10.0499563
12.2806711
12.4605513
13.8936157
9.1674633
8.81594372
9.19327545
9.03210163
9.63704967
9.7013216
12.2332487
11.7671537
14.3951406
14.3664284
9.62319756
9.78517342
13.356431
5.26123333
5.35775852
6.85513449
6.6456418
5.82209873
5.84093666
4.82427263
5.12121677
4.1414957
3.69619894
2.59821177
2.51227689
3.26898861
6.71756887
6.91272116
4.76223326
4.82431793
10.8302641
10.4785233
3.1905818
2.99788618
9.54127979
9.60980034
10.9141846
10.8946066
0.842805862
3.08055091
3.28464508
1.4169631
1.36586809
4.53547239
4.5160923
0.656612754
0.95185113
0.0575136058
0.248711497
0
0
0.0361259766
0
0
0.000221099996
0.000113120455
0.613771737
0.738886178
0.604241014
0.623932898
0.127753213
0.0540786088
0.50506711
0.569512963
6.59105635
7.2477355
7.2608881
9.62755775
9.86971283
11.458787
11.5446205
9.43604755
9.36795998
9.72540951
9.61479187
8.70139503
8.2247076
4.72092915
4.95973825
5.04346895
3.89808702
3.92394304
3.53048372
3.37768555
4.18521595
4.00775957
3.01956272
3.17959189
1.71787918
1.741974
25.4583874
25.5372696
25.4298668
20.6042194
20.8109093
18.2722816
18.0950108
12.5694628
12.0235291
8.75027466
8.97574711
10.4406586
10.2633362
2.63178134
0.819667935
0.813612342
2.8144989
2.84433889
0.681677103
0.689940989
1.1026125
1.12810862
1.88265395
1.90710497
3.1164856
3.07968116
3.26633835
3.60279942
3.58811951
3.73691988
3.62119961
4.40307188
4.78529644
9.24690723
9.15633774
4.36439705
4.36614418
4.8222146
4.79032516
8.81888866
2.93001175
2.89126158
2.10573483
2.06815815
0
0.000346682355
2.72171831
2.85593009
2.11518145
2.48596191
2.67116952
2.52802491
10.0867672
8.35671329
8.2028017
8.30800152
8.12453842
11.5452747
11.9975033
13.4951744
13.8165236
11.7149858
11.3244438
12.9128475
12.6341782
6.50626755
8.6799984
8.80306244
4.54949474
4.46664667
4.70853758
4.49017286
4.0507102
3.90069294
5.93595219
5.45623255
6.29647541
6.43604994
3.26942825
1.67599607
1.62641919
0.506155789
0.64332962
0
1.1110048e-05
0
0
0
0.000191850166
2.63629699e-05
0
0.857187986
1.82151866
1.80024457
2.99370623
2.84090948
3.24408531
3.17786455
0.498737991
0.793173313
0.450680733
0.262141317
0.452842116
0.320344687
3.47315264
2.3068924
2.3096261
4.74460316
4.83245945
4.47997856
4.16537476
3.72258162
3.92954206
2.51224923
2.50821018
5.79278851
5.75356388
4.43297911
0.565969169
0.708230734
3.31165838
3.09993958
0.784679651
0.716395617
4.22697687
4.20513105
5.75549507
6.13840961
5.99901342
6.27650833
1.68653297
2.14840221
2.0927484
1.1775893
0.884643197
0.818189144
1.02346647
0.551312447
0.544311881
2.69007874
2.82875657
2.31137943
2.22160482
4.77318478
1.68507624
1.73808289
11.0453348
11.0566244
4.40846586
4.41055012
11.0223017
10.978363
9.65753937
10.4714937
6.56905174
5.93350983
1.26091695
0.813714623
0.804509401
3.90385056
3.90465045
3.63273239
3.61170053
0.496625066
0.415127873
1.41100776
1.42944813
1.37647259
1.31072676
0.247847944
0.0226601362
0.0372303762
0.689748228
0.74037683
0
0
0.037433356
0.0196168702
0.914946735
0.946864188
1.18218184
0.970309377
2.64920902
2.57506394
2.61299467
1.32679558
1.49192989
2.48346925
2.43721724
4.20475817
4.11026525
5.30272675
4.89005995
2.2643671
2.01520729
2.3924427
6.38672066
6.3812027
1.9939338
2.00913501
5.18028831
5.24715424
1.71212018
1.75017691
0.514020205
0.505137086
0.66487062
0.511589229
2.40820599
3.58429694
3.59234142
3.55282211
3.48372412
3.93087602
3.84160328
4.13422489
4.22076845
5.75266266
5.5389719
5.45621347
5.36640549
0.000226386765
1.89705265
1.81430256
0
0.000134459173
1.32301664
1.44285321
2.03296375
1.86795092
0.219795585
0.252580643
2.4851985
2.36125255
12.776289
11.150856
10.9256897
7.20994663
7.16535521
4.27038574
4.23806
3.22522306
3.61151075
2.79846382
2.82135201
4.06402302
4.61611319
6.72777081
7.4462285
7.22734642
0.797564983
0.808058083
1.94070792
1.5229069
8.25366592
8.33023739
5.73477936
5.44505262
7.50771379
7.63005543
1.75677621
4.95262432
4.99027014
3.10358953
3.03579831
3.09374952
3.53239393
1.36860013
1.52225935
1.78149843
1.48835886
1.21541357
1.12007034
3.50701952
3.15104818
3.27586222
1.98783052
2.06133986
0.254800946
0.321666032
5.62740231
5.28522348
4.76655006
4.38459873
3.04172659
3.27061009
10.2981949
11.5895319
11.6155634
8.24111557
8.10280418
2.25771379
2.31915164
6.65596867
6.58801413
8.78782654
8.86808014
10.298317
10.5371618
1.63266265
0.876743138
0.858008385
3.03002143
2.99465847
1.23404825
1.25177586
5.05327298e-05
0
0.45655638
0.524025083
0.173168972
0.170000196
5.65290689
5.32515192
5.58955526
5.05174589
4.97171068
5.15866375
5.10739374
6.5021987
6.81162739
3.49899673
3.87391305
3.77247047
3.63824177
0.530854106
1.85670066
1.52974057
0.132140785
0.150289297
0.373395562
0.405228525
0.576382637
0.485638589
1.33459783
1.32470441
4.90769577
5.25948572
0
0.0587204099
0.0613928102
0
0.000104620478
0
0
0.706882775
0.693817794
0.350744665
0.363191605
0.389541924
0.3963902
0.758061349
1.12374103
1.10754383
0.212548047
0.0200635735
0.249950111
0.197925642
1.14935517
1.04194796
1.18265355
1.13787556
0.410312235
0.632390797
1.72147977
2.17840004
2.42653418
1.15819323
1.14017808
0.470065802
0.709098101
2.84885478
2.87628436
3.70516062
3.54265261
5.02290344
5.14034271
1.61954188
2.88766861
2.98834848
1.02600646
0.98388505
1.5087148
1.48467135
0.870161831
0.888392031
0.000317389349
0.000131209308
0
0
2.36442637
1.61764431
1.70462132
1.59392548
1.57220399
1.57579374
1.51397467
1.35910749
1.60332596
1.50856161
1.4299041
0.833930552
1.19166887
3.15657043
2.92862248
2.79470348
3.88622451
3.86683702
1.96335924
2.25314951
2.53415489
2.50448775
0
0.000194014763
0.000237140091
2.99111744e-05
17.2546272
16.3608913
16.5525894
24.0833607
24.4174595
22.8151588
22.5278797
16.4056911
16.7215366
15.5785398
15.8007793
15.8549356
15.6369228
6.22326183
3.37771034
3.37912297
0.000351483963
0.000134227579
0.18271108
0.0666534379
1.93177199
1.75670099
0.0410677381
0.151021942
0.180323198
0.116453141
2.14932013
5.3532505
5.49814129
3.08252263
3.10412383
4.38136864
4.60928822
2.71608686
2.92744207
1.32520175
1.21995246
1.31271148
1.31487906
1.25823069
2.57291317
2.63595104
1.84619284
1.79825163
4.28185177
4.42861128
1.45681977
1.51609957
2.50180221
2.66494489
2.25802875
2.13788199
4.97622252
6.88739538
6.86904001
5.23640823
4.90192986
7.09381676
7.02030277
7.11949253
7.7135849
6.3706975
6.51344824
7.64856005
7.93500233
1.84186363
2.12502408
2.02173781
0.966152668
0.866536319
0
3.20477629e-05
1.08099306
1.0228312
0.913365364
1.06366277
1.29692984
1.24250436
3.82205653
1.69903016
1.66935313
1.72961915
1.82337499
1.56346118
1.67438209
6.84465885
7.02172613
5.07801867
5.05663013
8.91126537
8.83040714
2.20840788
2.57276106
2.5645752
2.67422605
2.47025251
2.17800069
2.35415268
6.26022768
6.5344758
7.08786869
7.31944466
7.84935999
7.58369255
0.61601311
0.140642837
0.132407948
0.970200717
0.988945961
5.64508963
6.71206331
0.962729812
1.01949251
0.204956576
0.323355943
0.483132541
0.464728296
4.07162809
5.59836674
5.65915298
6.60561609
6.51812077
5.0956707
4.74462652
0.82311821
0.769272804
0
0.000116659336
0.233535588
0.419715911
9.9328146
15.6287212
16.2256489
15.7988014
15.9106026
14.5196552
14.7841682
12.9798737
12.2160683
16.9894848
16.9156303
21.0811176
20.8065376
2.03830075
1.40929413
1.47976983
0.245737165
0.302922398
1.14128864
1.20255661
5.70585918
5.64564705
7.36136913
7.34779453
5.07616234
4.9584341
9.35610485
4.92306757
4.83134174
9.11768246
8.9787178
7.1029458
7.05627012
6.79279089
6.79357624
6.08944702
6.06163073
8.22351742
8.10987282
5.24706507
8.07577229
8.03615379
4.27669668
4.2647109
4.10820675
4.13875628
4.81558132
4.94327831
1.67334962
1.59667909
2.11299133
2.1583252
0.829338014
1.11529291
1.11449504
1.88558853
1.84958291
1.70786631
1.60727859
1.91970396
1.95174456
1.44483864
1.58726525
2.69061351
2.66452551
19.7151108
10.7619724
10.9330273
12.1032438
12.0670567
14.9209309
14.9981403
8.59640217
8.5122242
8.35401535
8.24047661
9.54413223
9.4463501
12.1185808
8.34787846
8.13716698
6.69613838
6.71848965
9.0444994
9.14784622
15.1622658
15.1722984
6.62969923
7.23082876
6.43426418
6.71821547
5.54743195
3.71280193
3.55380678
8.37972736
8.16289616
10.4077349
10.8464708
8.37892532
8.72720718
6.19694042
6.84847832
0.90766114
0.81120491
2.19906902
2.46224236
2.55325675
1.41186762
1.48371923
1.40895057
1.44917595
0.387432396
0.340159923
0.580748558
0.606497049
2.41772366
2.42289639
3.43714666
5.77695513
5.83260441
6.04487801
6.24971485
9.66905403
9.33447075
4.01563025
4.26268387
4.79993534
5.5178709
8.12992859
7.92172241
7.03294468
7.08471966
7.20360947
4.93049049
4.90493155
4.73377085
4.4896307
4.4587841
4.47454214
4.90916777
4.7343421
1.71464741
1.90796089
11.5731373
8.47557926
8.50667286
8.17985153
7.97514439
1.02312791
0.875722766
5.81331253
5.73233271
13.7240925
13.9792557
11.7095766
11.645256
0.851816595
1.19337606
1.04096639
1.373312
1.32364798
0.837051809
0.800826669
0.736017644
0.808480859
0.865315318
0.863670528
0.816279888
0.84368819
2.55231118
3.64380789
3.3407588
1.85960066
1.9923265
1.96052718
1.83206594
1.70549154
1.95045936
3.18263674
2.6600101
2.1460793
2.27532029
7.91079569
11.1937733
11.365531
6.33323765
6.11863708
8.78761482
8.90631485
12.3006554
12.0134487
8.0729847
7.95325518
6.58567619
6.45467854
24.918293
24.1925049
23.9662819
26.9000683
26.8816147
35.8828506
36.4047394
59.6849785
59.7151909
63.684082
63.6089211
49.2884941
49.1573219
2.82809305
2.5172019
2.40830612
0.859808803
1.03689957
1.96529126
1.97303176
3.32719445
3.25024843
1.19326234
1.460325
1.22892141
1.39116144
3.70927477
5.30601883
5.33118916
4.64629364
4.51349497
7.88331366
7.61006403
4.96813631
4.86029816
3.86060071
3.85109973
3.93263578
3.95765066
8.73464584
8.39021873
8.49480629
13.1041832
12.8848152
10.7337246
10.6127357
13.1462402
13.0775404
7.63028049
8.03286648
7.43893623
7.37957001
2.3768692
0.86556071
0.937296391
6.92131901
6.86764717
1.47243643
1.61403751
0.781870902
0.814858437
0.470033586
0.400820553
0.934863925
0.946400523
20.5232601
16.5725117
16.8624687
24.3901348
24.4995422
22.4098682
22.422596
22.3726387
22.7058277
23.9614201
24.8069668
29.495575
28.9621792
4.38059616
4.01313448
3.9519031
11.455267
11.4315786
9.01046181
8.89704704
5.70606327
5.66665792
3.9168005
3.95746517
4.07815218
4.09059715
6.85555935
5.80092573
5.57318974
11.8308382
12.095108
3.66826034
3.68325019
0.289448082
0.235004604
3.32347178
3.39530301
6.72489309
6.44335747
2.46275854
2.97033691
2.94807291
2.21992207
2.20959377
2.66086864
2.78245831
2.92824602
3.05155158
2.24411225
2.21024346
3.13674402
3.1640749
3.52571917
4.85525417
4.88478231
0.765867174
0.948038816
1.62497008
1.6200788
3.07260489
2.96080232
2.31447911
2.4458015
3.5946281
3.71668601
0.325022191
1.64006138
1.60745776
0.000753233791
0.00085457263
0.000154142021
0.000318506471
2.86868715
2.83740163
1.50506222
1.18342876
2.59164357
2.7614069
1.26417112
2.4789691
2.45484138
0.421055734
0.433754623
0
0
0.709366083
0.561463714
3.77383757
4.59967995
1.60677814
1.67654204
4.21586132
4.71660757
4.70656204
0
0.00075539411
0
0.00094178674
1.51173735
1.53950238
5.82808018
6.05818558
3.24252009
3.20536804
0.665854156
0.585265219
0.598452985
0.602152884
0.596682966
0.601794899
0.554955602
0.813542604
0.785906017
0.577976406
0.513716221
0.544647276
0.529958904
6.33816862
6.65389204
6.65434456
8.15421963
8.18147087
10.0511646
10.127553
8.88301182
9.33685875
5.14781284
5.14560986
5.11234093
5.05527353
5.17950773
6.12889576
6.13559723
5.22129726
5.13745022
5.46792221
5.60442972
3.90457296
3.91829062
3.69041133
3.49788237
5.3737402
5.33241796
1.05553865
1.07727516
1.07595015
2.60942793
2.47905302
2.02539706
2.01341391
2.32335711
2.45170975
0.886443138
1.00122619
1.37852907
1.34461462
0.405836284
0.128347516
0.132051006
1.48110747
1.44872355
1.46938109
1.37141538
0.78021431
0.86422205
1.4167031
1.37073493
1.04639304
0.955587626
0.717775881
2.3689599
2.4272809
7.15393257
7.52049255
2.19187713
2.01576781
1.44827199
1.66631138
2.64713144
2.92752433
2.90142202
3.0099442
1.69975889
1.23376369
1.12231624
6.01252747
6.14096832
2.04965901
2.30906439
3.02354908
3.08320355
1.36880219
1.84767592
1.89443552
1.71415544
0.240240633
0.231078312
0.312786251
0.325397968
0.170351252
0.203452051
0.20757927
0.172437906
0.092020236
0.235338375
0.217974752
0.884549737
0.70343411
0.380233884
8.97753562e-05
0.000113304304
0.000172408851
0
0.614786386
0.717736244
0.026256321
0.00407935679
1.50696754
1.53380978
0.872805417
0.709548891
23.8787518
21.2430286
21.3998623
29.0290337
28.9627972
27.0537434
26.818903
26.454443
26.2007713
17.1819191
17.2524204
15.5265398
15.9245682
1.37652612
0.328711659
0.311671108
0.854482591
0.758706808
2.22177601
2.48700547
1.47073615
1.48781085
1.89637721
2.04518318
3.83515549
3.77210617
9.5586729
9.79071331
9.98539639
5.72675514
5.92397261
6.56333685
6.98791122
1.97545314
2.01143503
1.77397823
2.02561355
2.45683956
2.49043179
1.67437768
1.22158337
1.2462641
1.05581617
1.0943507
1.85403562
1.92916036
3.08917904
3.17014527
2.77713323
2.56922865
1.91051018
1.90060997
1.41864824
1.7665987
1.75907922
9.31703186
9.34374142
6.63139439
6.58501005
2.60453081
2.35328746
2.05350971
2.08878016
1.22676444
1.27889562
2.65465093
4.57242775
4.42865515
2.3517592
2.30622363
2.16706705
1.99505615
1.79774976
1.61108637
0.025879886
0.139879316
0.512866497
0.417164922
2.66386628
3.56500602
3.69487333
2.2806201
2.34473896
3.93006229
3.57848454
3.86035323
3.79848003
1.50980771
1.60185564
2.20859599
2.20732427
12.9186382
11.7219944
11.6585264
9.07567596
8.95754433
5.91469908
5.84943485
3.0186491
2.91730618
4.66699553
4.74144077
5.11242962
5.16473675
1.70439947
1.52989388
1.53734934
0.380635351
0.377741486
0.988735139
0.924886048
0.900989354
0.945813179
3.47116137
3.71470928
2.73734808
2.82385206
6.13478231
3.96765661
3.84353614
4.68729496
4.57207537
3.67083645
3.39072704
4.11203861
3.76641273
4.75732279
5.44883347
5.05162382
4.6194067
3.00567508
2.37539387
2.38164568
2.86309004
2.87742901
1.36788177
1.42931175
0.692732573
0.802085102
2.5208056
2.63039231
4.1134367
4.06623459
1.87787676
2.09288454
2.14450645
2.45460653
2.58964372
2.02505183
1.75952315
1.67106998
1.70748353
1.76636267
1.91302598
1.88069904
1.86377966
0.588232458
3.16574001
3.34785271
0.47756207
0.448667854
1.89867306
1.77199817
1.21846867
1.17446184
2.65473652
2.91386652
4.66448259
4.53588343
0.688031733
0.584042668
0.61338371
4.45250177
4.46714878
4.48044777
4.53887367
0.628199399
0.752638817
0.77071631
1.19053197
2.85675287
2.00952196
0.0597273521
0.620600998
0.637154162
0.0598253757
0.0586165823
9.44514904e-05
1.79317103e-05
6.71467433e-06
9.12804535e-06
0.0101349056
0.0466274284
0.0173571222
2.65682793e-05
0.0941470936
0.170685396
0.103294209
0.0958173797
0.0934457853
0.0863534287
0.0893657506
0.58274281
0.294082195
0.098769635
0.0962153748
0.0992562622
0.0939489156
2.58844876
0.822599649
0.859735489
2.54562855
2.45274448
3.10850239
3.1387105
2.52801561
2.51586485
3.00204802
3.11641574
2.56391931
2.4741888
18.6746082
17.8060455
17.9491596
11.467783
11.4598761
7.10253716
6.90230513
3.30086589
3.39547062
11.221776
11.0419836
11.1660051
11.0912752
0.229947552
3.19068861
3.13719821
7.12112331
6.99636459
3.77168465
3.69919157
2.37307668
2.44785285
0.106349088
0.111803077
0.103513673
0.119971044
9.4262104
12.1259384
11.8847809
15.3551626
15.9782438
6.35601902
5.90927696
2.98255777
3.06262279
4.88197517
4.27484608
7.04925156
7.69918633
3.57381654
3.79190779
3.7324605
3.53878856
3.58033705
2.34917498
2.33747315
2.60073471
2.57198167
2.92047501
2.84148097
1.53213084
1.52013004
16.1293602
15.5091724
15.5007172
1.14831054
1.24291539
1.49085927
1.63353395
12.8399715
13.1377087
22.7530479
21.8881435
13.4439583
13.7241764
7.01355934
8.21350479
8.21456814
10.7335396
10.8243799
5.58926344
5.73056936
8.98715591
8.71255875
11.4894848
12.1132908
12.1176205
12.2586536
2.81590939
3.17322874
3.06241131
3.97136593
3.98876953
4.14108658
4.27919865
5.5548358
5.56747913
2.80435586
2.7699101
1.76485777
1.94820094
38.5700302
28.6291313
28.7605896
18.4363995
18.3449135
15.1246424
14.0102644
13.9440422
13.7187853
21.9733105
22.4745502
30.5108128
30.4101238
6.73884726
7.87162924
8.0665493
8.23333263
8.36497688
9.44939327
9.428442
9.89052773
9.9473381
6.26651144
6.27268839
7.86715221
7.91185141
1.28960896
0.661432087
0.619189739
0.927389622
0.832250416
2.73699927
2.75345802
1.55831552
1.47765267
2.45471239
2.53391457
3.60935712
3.60578942
1.00248814
0.123289384
0.127198607
0.126409754
0.126659691
0.123038441
0.120284401
0.520252764
0.421851426
0.654036701
0.692847848
0.583759785
0.708234489
0.625314057
2.10267639
1.9166826
4.5906992
4.83596897
4.60097694
4.59110832
7.19423437
6.76847219
2.50163364
2.36899638
0.782060981
1.0189693
2.11536264
1.79686618
1.84889972
0.911210001
0.952246368
0.00014891036
0.000104175677
0.910324395
0.867732882
1.56159663
1.54226327
3.06816006
2.99951077
8.51293182
10.0714149
10.0280571
6.66732311
6.78824329
9.43496227
9.69803619
17.2387581
17.3252926
13.7316828
13.2755489
12.7016497
12.7746172
4.67815304
3.48684072
3.21754313
2.212255
2.22447467
5.5827589
5.80285311
2.15913773
2.0457139
4.52797079
4.45444155
2.67584157
2.79312706
17.0619278
17.6239166
17.609436
13.8710318
13.8242092
12.3604259
12.3185825
16.663887
17.0251522
7.07443142
7.39909649
11.5494442
11.5393915
4.59301901
6.11328745
6.04279423
2.50618434
2.54449511
5.36318016
5.45142698
4.52283669
4.39554119
1.38403106
1.4011426
2.62457466
2.72547865
5.89058924
4.09916258
3.88433456
3.44832444
3.48258781
3.17413378
2.9927392
5.39443398
5.48501015
9.68535233
8.29628944
5.30608749
5.18708801
6.05623198
7.61727333
7.73110008
6.9745388
6.87995911
6.35217476
6.28692722
5.86746216
5.88684368
8.37250996
8.12660408
8.47988701
8.29080963
8.16769505
7.36753845
7.52052021
4.87511921
5.06789494
6.16430902
6.12979221
7.54258442
7.24817085
9.26600647
9.35952187
12.0106544
12.0304022
4.69655418
3.12539101
3.1265738
5.69271088
5.7720418
5.62409544
5.64088249
8.5366354
8.45393658
6.70522118
6.74853802
3.70612526
4.13175583
17.5370903
16.9197559
16.7040825
20.2287598
20.1210899
21.9972496
22.1075478
19.2768593
19.2714043
26.2745667
26.4961452
28.6808701
28.9246712
4.84481239
0.916286469
0.726044178
1.51292694
1.27946973
0.613950014
0.602157891
2.51551151
2.36856818
2.68756771
2.41722226
1.30005264
1.43376553
4.36958122
4.3940239
4.46337461
2.92247248
2.82692766
2.44425392
2.79542136
3.80015898
3.66652632
1.98143172
1.67278779
2.10498834
2.11731958
2.75654411
2.37737775
2.40709448
1.9227761
1.81934309
0.769087911
0.686746716
2.91455889
3.00941443
2.61857176
2.63519216
3.99331522
4.2112608
6.38081312
5.82223797
6.15293121
3.97585797
3.91592574
2.18309402
2.05795884
9.13411236
8.94413757
6.87785339
7.12660599
7.06852865
7.25178671
2.20728588
3.22091556
3.3970437
2.39011979
2.34991813
3.67176223
3.32693052
2.21748734
2.23268795
2.11854696
2.31271029
2.34087038
2.33127451
0.122502193
0.108829185
0.0982224122
0.753528237
0.764590621
0.956147015
0.978456318
0.90094924
0.853029609
0.688395798
0.687669098
0.606766045
0.661014199
2.45236921
1.28450418
1.21639216
14.6212273
14.3759851
7.81170607
7.22026634
4.3537817
4.82663536
4.76449013
5.01849079
2.45469284
2.86391807
3.48889065
5.24456072
5.13531113
1.77982402
1.67294979
4.49999905
4.54582882
1.42439818
1.30105257
1.46972477
1.5862149
2.1715126
2.16054726
10.2592993
0
0
1.34684408
1.23635137
0.0673464388
0.000702467049
1.18674445
1.13804138
1.05612099
1.0523454
0.278953552
0.125109091
2.31877279
3.2762475
3.27945399
0.633310795
0.808098137
0
0
5.56425524
5.69458723
9.13512802
9.41741943
8.60305977
8.50825882
3.62678909
8.20707607
8.31693268
8.3853817
8.45440578
11.845787
11.4881802
2.17364717
2.3611412
0.556540906
0.542217016
0.689230859
0.606316924
10.8884544
11.3000946
11.3879509
15.7156773
15.627634
5.97326899
5.13171053
4.60328436
4.56509781
12.4146433
12.9734621
12.50313
12.6130619
6.91061592
6.38478756
6.47788239
6.89053154
6.94797707
6.64110231
6.45970869
6.39502621
6.43009663
3.56417561
3.65946293
3.98056149
3.87166691
7.8764677
7.88328457
7.99099398
15.8613014
15.5515995
14.0009861
13.7215195
6.42176294
6.54383087
7.49930429
7.2609973
12.5438919
12.3706083
13.5188799
12.1018496
12.0209541
11.050705
10.6364288
12.046154
12.1023064
3.11107063
2.92444587
10.2022066
10.1044493
11.6824398
11.7199583
9.90385723
8.41798019
8.60511971
7.57794857
7.69393063
3.6334548
3.37575197
1.61078143
1.62969947
3.41016722
3.75800633
1.19229889
1.43901789
6.86135674
3.90531802
3.97583556
6.58889961
6.58488464
5.01036358
5.23666096
6.92566872
7.59667206
4.31878233
4.67120552
4.42180824
4.99371672
1.98861361
3.14999342
2.9743681
1.76119995
1.7734921
2.68363714
2.94734859
5.48693848
5.43105555
3.22450709
3.01262617
2.68969798
3.08265281
4.15306187
6.57088089
6.78338099
6.72665977
6.70137167
2.88381743
2.76153564
3.03824711
3.16970801
4.86443615
5.0022049
6.94093943
6.8617959
0.694184005
1.17621672
1.20721889
1.53812194
1.49195302
0.651121974
0.765804887
0.808119178
0.710977316
2.61248899
2.58879042
1.66199088
1.75953054
7.40767097
8.45806503
8.74057579
5.68277454
5.56215286
8.78343201
9.34186935
5.74344635
5.95961332
7.91407824
7.15363979
7.59474897
7.56867266
4.55216122
4.94564962
4.88326406
2.83287787
2.84000492
5.17684746
5.29201221
3.59790492
3.3047471
1.06408894
1.14476657
1.85062611
1.81599426
6.83123875
6.74033451
6.77659321
8.18514252
8.0608902
9.01891327
8.86002636
14.9463406
14.7959137
11.7322226
11.9788876
3.41981339
3.24043727
5.54613256
5.06448698
4.98170042
2.55052042
2.60106897
4.68236828
4.81333923
3.90901566
3.81683326
4.65975332
4.28581333
2.41280365
2.51077724
3.55243111
4.23834085
4.28378248
5.99132442
6.20340061
8.99238014
9.14644241
9.64802551
9.71839809
7.33056974
7.37326956
6.84330988
6.88559866
0.344723105
0.277630419
0.218358323
0.412542462
0.39491266
0.499242187
0.607749403
0.607780457
0.564208686
0.496896356
0.669900954
0.193273783
0.253059208
5.53381157
4.60326195
4.85762596
4.12103653
4.2031126
5.63456774
5.7487011
6.04534435
6.06234694
6.39825106
6.23704815
5.98385763
5.94919682
3.12391996
3.20204353
3.24759793
6.13919783
6.24324703
1.94521499
1.44293344
0.30910483
0.316921115
2.15851688
2.22983599
3.83326244
4.20738411
7.39573288
7.87129736
7.97965193
9.21343422
9.23164272
7.21755314
7.07384348
6.20263338
6.24927711
4.95875978
4.77432919
5.85299253
5.67362499
3.58419943
2.62669253
2.359689
9.41247463
9.32857418
4.30279398
4.45370626
10.5411348
10.7100573
3.51791
3.23701286
2.8913846
2.60156298
0.640974998
0.9085899
0.874115586
0.723756373
0.624800801
1.26236784
1.21554124
8.73341633e-05
0
0.00559400767
0.0557628423
0.328229815
0.381187171
1.32208622
1.54568005
1.52486956
1.33586931
1.41639149
1.33078957
1.48037696
1.93018699
1.95179117
1.60412621
1.33344364
1.46226287
1.69534028
19.5992699
20.9375992
20.9941998
12.1400337
12.0115919
7.95571327
7.96477938
11.6497335
11.4588251
27.1643848
27.5440865
34.7253265
34.9064255
0.758903801
2.91595769
2.83673668
0.783482492
0.776767492
0.772174656
0.799340129
1.33565044
1.3657639
3.94065142
3.90979767
3.69725442
3.76650047
3.71008468
4.34675932
4.33371305
6.10289764
6.22379398
7.81984329
8.02447891
7.24791574
7.4234457
4.02690792
3.64548111
3.30658078
3.4353137
0.771568179
1.12860537
1.17651594
2.06918383
2.1103828
0.990846038
1.13977432
6.44431925
6.46686363
0.702470422
0.715356946
0.267416447
0.312944502
7.20690441
3.42140865
3.13158727
6.77462053
6.87846994
10.1761913
9.88070011
5.32316494
5.59892368
6.97582769
7.42230749
6.93638897
6.52702856
0.0210441239
0.400502533
0.347447097
2.01347637
2.17465973
4.46540594
4.98324013
3.25637007
3.22968769
2.63777924
2.20672274
0.321251363
0.773681283
0.203829885
1.81543583e-05
0
0.539348841
0.532279372
0.677761018
0.684881806
0.569089651
0.584194899
0.549592078
0.43140319
2.17209268
2.04838657
0.584777713
0.387734175
0.446285784
6.40513463e-07
0
0.0602374561
0.143401787
2.26625538
2.25014353
1.61689162
1.79229558
2.40334034
2.3643713
12.9093733
9.22223854
9.14632988
11.3082829
11.4500656
10.2073717
10.5229797
8.95294094
8.91977787
7.21607447
7.22939968
8.94839287
9.05399227
2.32002044
6.32168579
6.45557404
3.91481471
4.03204012
6.93739033
6.81038857
12.4523697
12.4262962
4.53117085
4.54050589
1.88496053
1.9380312
3.66592741
3.39140153
3.32254314
5.35493755
5.06964064
5.3473053
5.14441967
5.97685003
6.46174669
5.17890167
5.74047184
4.67405987
4.66264725
11.6474609
8.46457863
8.53891563
7.76608562
7.83688259
9.88993645
9.12676144
6.77074194
6.72375441
9.10668945
9.35378933
7.50020695
7.33754921
2.03703547
2.14072919
2.02997971
0.312551647
0.338595808
2.00783873
2.12324977
4.69157505
4.52770567
3.61727881
3.77323771
1.52952051
1.71025014
0.918282211
0.352412641
0.392700434
1.92494404
1.92105508
1.65430713
1.5265398
2.83040667
2.7952373
0.184286237
0.28995049
0.451908201
0.447138429
0.576940179
0.275103629
0.288743883
1.48692584
1.41817021
0
0
0
0
0
0
2.79384221e-05
3.57839963e-05
1.98233986
3.97206068
4.25143337
1.70047343
1.6455574
1.29759979
1.36693764
1.44691575
1.72149456
3.43983173
3.66720343
3.11747313
3.3905108
4.28904724
2.77276897
3.0037179
0.709827185
0.752339602
1.39122272
1.27974129
1.16918063
0.593530297
0.849460959
0.797671318
2.56341267
2.9246552
4.86593723
2.52986717
2.49022007
1.31953287
1.36229467
4.28400373
4.34736729
2.4207654
2.41078162
2.71630144
2.62144852
2.52937746
2.47484064
0.353020579
0.358816653
0.36226815
0
0.000232104896
0
2.25441836e-05
0
0
0.561583281
0.936372876
2.14068103
2.23143005
2.69607162
3.55985427
3.55717349
0.996914089
0.930844843
0.701028824
0.799212813
3.88042283
3.7721343
8.99541664
9.35591412
9.65774727
9.55258465
0.601457655
2.086766
2.10740399
7.66388798
7.5837698
6.9405489
6.80216122
6.79253769
6.93294144
7.9761138
7.85211802
5.70761299
5.606112
18.9248009
13.485631
13.3034325
9.51832771
9.40812397
9.37136459
9.81158924
5.55341434
5.57953644
1.62112582
1.61429214
2.07616568
1.88148451
0.0742004737
0.351702422
0.35347262
0.700292289
0.696701705
2.52623916
2.58486772
2.98560929
2.96138549
4.10403919
3.96235824
2.00852346
2.08925271
4.57698154
0.862475395
0.886736333
0.760056615
1.01553082
1.09131372
1.06414318
9.55184937
9.68068123
5.90813541
6.11430454
8.50571442
8.48653221
2.34606433
1.19354498
1.08022606
1.0423969
0.98003459
1.90163469
1.81528318
1.46320879
1.38719797
2.23366547
2.30554676
2.64497042
2.560004
1.06017995
1.00271916
0.926507294
0.977909088
1.06953871
1.88152611
1.78671145
0.801849842
0.818507254
3.34974766
3.32784486
0.871478975
0.887708187
7.56944036
8.95033264
9.06834412
10.5031796
10.5570164
10.6325064
11.1403475
11.7001028
11.2327852
11.5581446
12.0474052
11.845048
11.6859961
19.8977242
18.9557648
18.9639301
20.7416954
20.6692619
21.9190369
21.9799347
21.6882038
21.5433426
22.5447159
22.466568
22.8352451
22.835598
4.16319704
12.2196703
12.272109
9.54322433
9.67890739
15.2300358
15.4945021
3.89437222
3.68325257
7.4049592
7.02829981
5.74476719
5.6812706
1.80113482
2.1026752
2.03610492
3.12311125
3.04734516
3.92677116
3.94185925
3.88687038
4.19304943
2.74388504
2.8771553
2.63795614
2.67820716
2.09057665
2.61247587
2.68689275
6.28804207
6.31907463
3.63862038
3.76726866
3.4235878
3.15242624
3.50370836
3.25229621
3.90951753
4.09412003
2.23724985
3.37992573
3.3625865
2.90377712
2.88168907
4.09004021
4.19909191
2.93224216
2.74303699
2.76522708
2.52596855
3.3722136
3.24723196
3.30006099
3.49649262
3.52561927
4.30948687
4.49833059
3.24015307
3.20445204
2.67915821
2.50317144
4.10636806
4.14342451
5.77334404
5.81533527
11.3840609
11.3102369
11.1754866
21.3364983
21.2784634
18.5824356
18.5151119
17.4808655
17.4503918
14.7917976
14.8237362
7.15509415
7.08896732
4.77894592
3.81868839
3.91708803
5.58538437
5.50904846
4.98833561
5.33685207
4.96226788
4.94081116
6.44304943
6.78133965
7.52302313
7.85617781
0.000731782988
5.30244506e-05
0
0
0.000265900715
0
0
0.000381211808
0.0246697348
0.000861435256
0
0.69030571
0.552147925
0.25738284
0.370934069
0.305630356
2.24907851
2.36704445
0.414713293
0.278267175
1.49871445
1.21817565
0.248965293
0.149003744
1.19871807
1.08510327
2.21375561
4.338902
4.28406191
2.44205976
2.45274878
4.73361301
4.63535261
3.76492405
3.7845881
2.47253942
2.82937908
4.08264637
3.8858552
2.45541644
4.92115641
5.0083971
8.02503109
7.71955156
6.90427971
7.43444395
4.90252924
5.30323935
1.54078305
1.4531045
1.44188452
1.67737079
4.79076195
9.23144054
9.31954956
6.18478775
6.10475349
2.89190722
2.88769341
3.38181329
3.36800385
3.05355573
2.36273289
4.13798618
4.09341097
14.275507
8.68233395
8.81437111
5.55852127
5.48533154
5.40646696
5.54033232
3.33382273
3.49693871
2.19296503
2.25936866
3.97798777
3.69279957
13.9464016
1.38979137
1.30235445
4.79620838
4.81151962
3.88936281
3.87520599
2.60248232
2.83765745
4.08115578
4.06676912
1.58768034
1.57756042
0.757563472
0.890031338
0.871755838
4.25166559
4.30989265
1.77161062
1.6938889
1.90820348
1.90504336
2.40699339
2.41483569
1.63912249
1.72534132
3.74579358
5.48896408
5.55787802
3.28022647
3.24721313
2.91408372
3.06611776
3.9903791
3.7580874
1.54402554
1.53156376
1.79015875
1.89803338
5.90518665
3.93619537
3.90257978
4.15787315
4.0721736
7.52324438
7.68021584
7.33660412
7.96787786
5.62916994
5.49390793
4.85060024
5.51524258
6.63739014
6.85685778
6.95596361
5.28003979
5.20514393
5.87597656
5.99436474
8.8550396
8.86978817
6.30794048
6.31647062
6.78177261
6.84241867
1.0564301
1.08373976
1.02051198
0.960377336
0.974506974
0.969379663
0.974425256
1.09390223
1.10704124
1.30353522
1.04967153
0.896400571
0.924666166
2.07192612
3.0920856
3.22530937
1.17897415
1.1749264
0.812883735
0.815365911
3.77349639
3.81651163
3.0312314
2.80441046
4.69332314
4.49895144
11.9908495
9.60378551
9.68364811
15.1362276
14.9373436
9.8008976
10.0089798
18.7605934
18.7971649
14.3935947
14.0763206
15.6335382
15.6361141
13.7604504
13.5269566
13.8184681
5.55701113
5.46929216
7.4494133
7.41474342
9.86471939
9.63946915
10.0054159
10.3385248
10.1803484
10.2052593
1.15454197
0.695312321
0.677325726
0.779001296
0.7593081
2.66860771
2.74412799
0.869914591
1.03718901
1.48578918
1.07472289
1.00317037
1.10338414
4.57160139
4.89522457
4.80284023
2.05885792
2.04459047
2.5998826
2.48549271
2.16014171
2.0689764
0.923453331
0.71831125
2.6048317
2.91782713
9.23192024
5.3294282
5.36551666
7.76323795
7.66256905
4.0067091
3.7443912
4.79073095
4.70385933
2.40684462
2.46471262
5.96533155
5.73898458
1.98994398
2.35232544
2.55209398
3.3662436
3.17775965
2.27302122
2.14201474
1.56437445
1.5358659
3.33184695
3.17360353
1.68434858
1.57780612
1.52648258
0.833014965
0.809840262
3.65660238
3.75950122
1.55377257
1.30546248
3.42632437
3.46406174
1.4838897
1.97604823
1.7018137
1.44820285
0.940072834
4.70512581
4.83482647
0.429298699
0.38037926
1.2381103
1.20750785
2.3681457
2.41359019
0.684588373
0.794788003
2.01577401
2.31641674
22.9650192
5.2476387
5.15399933
7.81941462
8.12453747
4.76125193
5.32240534
28.2276821
28.2081718
19.8476067
19.717289
13.1485434
13.4540882
2.16691542
2.98269439
2.78542852
5.11694002
5.05499268
4.82944298
4.80598831
2.72019458
2.68988085
5.30822754
5.41233969
4.84998035
5.46117687
7.95758963
8.70644569
8.72182178
8.35295105
8.19287968
5.1553874
4.51136112
4.07067871
4.00173569
4.0542264
4.31931877
5.97426319
5.78368902
1.1674211
0.950600445
0.955866456
1.40151
1.42607498
2.21638203
2.16975188
1.35547614
1.32148492
1.7597636
1.72063506
2.05697608
2.24262309
8.37728977
6.23702288
6.14345646
8.74097538
8.40463734
5.92540836
6.09974194
12.676959
12.5429955
7.77514935
7.95026112
10.5792847
10.643959
0.611990809
8.46403599
8.35393524
0.76928103
0.801514626
8.48348236
8.68101692
2.84607029
2.70292377
0.364329636
0.282382786
0.535522461
0.546833992
2.45517945
5.54411697
5.3910284
3.10390997
3.23944855
6.42412281
6.36016083
1.19252765
1.20124352
3.26128197
3.05891943
2.31504345
2.40351963
3.36104298
0.195937201
0.171321452
0.365560293
0.206335038
4.04650855e-05
4.68679573e-05
0.491723001
0.420139313
5.19802952
5.87897396
6.29983521
6.06905794
12.0831175
15.7185059
15.8343964
16.7605877
16.6040421
13.5379572
13.4315014
5.70670319
5.45444298
10.2422104
10.7974997
11.7508717
11.3753815
0.534986138
2.50516653
2.39301801
3.70301604
4.05867577
3.1960187
3.02211046
0.956617594
1.01226974
7.44542551
7.60366869
4.82689953
4.62843752
0.670812666
0.573262393
0.629055321
2.20105553
2.20436978
3.05342484
2.90159798
2.50291467
2.51829743
0.559165418
0.55584079
1.00504494
0.829112113
1.50960255
1.41789937
1.48626494
1.00455713
1.08594835
1.46182632
1.51530731
1.48259819
1.20170641
1.14786947
1.07467818
1.03460884
1.39907181
4.86605358
5.99515152
6.18383217
11.9704714
11.9429379
10.9007921
11.0022087
5.41517353
5.56189632
6.26522446
6.23676205
7.64308548
7.53532219
3.9241333
4.70896196
4.74391413
2.62793088
2.40142775
2.00553274
2.3595717
2.58277392
2.5687232
7.81642675
7.61412144
4.93563843
5.15061712
2.52829981
5.37505341
5.64241219
1.56449449
1.62313187
2.91877985
2.84212971
2.77892637
2.75671577
2.39534402
2.67855787
3.29002619
2.74532676
9.27877426
7.58337688
7.31710529
6.25185108
6.3231945
6.48819733
6.49884844
8.67307186
8.8088932
6.81876564
7.29485893
9.91109562
10.0467634
19.0014
15.8289757
15.0279217
11.0906363
11.2722263
9.93729019
10.0177784
6.06655931
5.98732376
17.8233986
16.7212868
17.6301517
16.4165001
3.99904251
6.88222218
7.38156319
5.5279274
5.21646023
5.8865447
5.96835375
6.76285267
6.80963612
3.83420563
3.6205492
2.92224622
2.88636994
13.6586561
9.17650127
9.2431097
7.25567007
7.24682713
13.5603848
13.5266247
8.04961205
7.61688042
9.55457401
9.69721317
12.0421324
11.9332085
7.64131546
5.52327442
5.51400518
5.7462492
5.91039038
6.77914667
6.8404212
9.65347195
9.45027637
2.53990126
2.92397499
3.95786238
4.51047421
4.44753551
2.83208036
2.92373419
3.46796846
3.56838465
1.19581544
1.2211175
3.57418418
3.62464213
4.57226467
4.8044939
8.40818024
8.62236977
4.74157715
5.80078316
5.68959379
7.1726923
7.25325203
5.40076351
5.29489231
4.02104282
3.89257932
5.66858196
5.65645266
3.70364714
3.68687701
0.0716489032
0.066977486
0.0646030158
0.0719226599
0.0769044682
0.0750100166
0.073920466
0.0756328702
0.069730103
0.0691726059
0.0717218444
0.0776736736
0.072451435
0.803267837
0.251961052
0.130236521
1.05122781
1.09143758
0.565396547
0.633610725
0.439969838
0.49051401
0.28616327
0.27792415
0.726695597
0.57355541
1.94820309
1.12458467
1.16533709
4.84441376
4.77654839
6.72289038
6.80225754
1.30656886
1.30100107
1.21172547
1.21019232
1.35402763
1.27498651
11.9176073
8.58054447
8.57243729
4.99431753
4.64918661
3.22017431
3.19504094
5.56970358
4.9596734
7.54529572
7.94382811
11.3970051
11.0273609
1.0537709
0.446584672
0.405162215
0.30985114
0.312880337
5.85192538e-05
7.64256547e-05
0.0394845158
0.0146821141
0.192248836
0.231745794
0.595081627
0.678497851
4.49184275
3.74642444
3.65666723
3.6536541
3.75634289
4.90869951
5.10866928
3.02904987
2.76066661
2.25487852
2.25134182
5.82650137
6.02391815
0
0
0
0.00538970949
0.0204442702
0
0
0.0723987073
0.0691302195
0.0211858358
0
0
0
4.94055367
7.17573547
7.35344219
8.96672058
9.2395401
0.553055823
0.266758561
13.8996878
13.8000021
10.5767002
9.99020672
10.8130779
10.9134884
0.10262493
0.0213116594
0
0.00558610726
0
0.0140136322
0.0243102405
1.562356
1.38536978
1.75799692
1.44562101
0.518943667
0.448504716
1.19652379
2.47987247
2.77936339
12.9478111
12.8901863
10.4273882
9.6866703
2.53065038
3.04852915
5.42255163
5.70450306
7.51611948
7.65788746
5.77224159
5.60181808
5.76076317
5.25413513
5.25072384
5.10113192
5.08791828
7.2218132
7.20179844
2.17549777
2.22592974
3.65750432
3.48453856
0.043390736
1.77960014
1.82366776
7.40167141
7.42515421
0.880388021
0.656270742
0
0.000275549217
0.888351202
1.14460278
0.0335902534
0.131373838
9.12957382
12.7020006
12.7983027
9.26601696
9.10240746
9.58931923
9.97650528
13.6835976
14.0114098
5.94353676
5.46597576
7.9031539
8.15662575
2.39678955
4.72655249
4.66870213
3.5446527
3.57691789
1.65415621
1.61965573
0.947315097
0.938932419
3.40053487
3.49676657
4.76217937
4.79528904
2.07958603
1.03065789
1.02501094
1.14845872
1.11681402
1.19499683
1.34226656
1.71745229
2.10474682
0.218093053
0.0102342414
0.859625816
0.921805501
1.11618149
0.281512737
0.281050801
2.1593554
2.24623036
0.000393958617
6.62874663e-05
0.000163991368
0
0.000279477506
0
0
0.0593477413
1.12401694e-05
1.02210248
1.12352729
1.77406645
1.76477897
1.44061184
1.41520321
0.0904456377
0.126907587
9.314821e-06
0
5.47362788e-07
0
0.154552832
1.7828418
1.88773561
1.74475312
1.67963028
0.345569789
0.323922306
0.55437839
0.50696063
2.46758342
2.32073689
5.02952957
5.32310772
14.2200718
21.559557
20.7494164
20.1017761
19.757122
17.6505165
18.5211105
15.6741886
16.204155
19.421257
19.6810398
17.4885979
17.9006367
0.598006606
0.762206495
0.7360062
4.74942017
4.87518406
0.984684289
1.16739392
2.93106866
2.94124293
4.44542313
4.59431028
3.23404765
3.16631317
0
0.0814123377
0.0391490236
2.33631063
2.4109726
0.101613685
0.10201925
0
0
0.250164688
0.247113764
8.13462539e-05
0.000116878131
26.1680698
20.9042568
20.5624008
18.5291176
18.1978035
17.242094
17.0276089
11.6846218
11.5682564
6.42045259
6.20406675
5.18907642
5.16649151
7.00030565
5.51877499
5.55346107
6.21491671
6.26074219
5.67973328
5.61931896
5.36290789
5.41051102
12.336235
12.2790489
12.5434513
12.5608177
2.42076111
1.7806282
1.96390295
3.54539919
3.56600475
6.66394567
7.17128038
3.48182297
3.48733544
8.34784889
8.66636944
9.54201603
9.63564682
9.81149387
4.25298357
4.25317287
4.62945127
4.7535677
3.94297552
3.91585684
8.19724369
7.6065321
15.028944
14.8720951
13.3433962
13.2858582
1.89039481
0
0
0
0.000174827845
0
0
0
2.50405355e-05
0.0924740806
0.243982121
1.01898062
1.15423596
23.8604202
20.5697536
20.6956444
18.6877747
18.7602806
16.2207966
15.6636143
9.61911583
9.62735271
8.05026817
8.53144836
15.8183327
15.329915
1.17771304
1.9004786
1.93069696
2.08970761
2.03723001
3.55390835
3.46155047
2.520648
2.58560467
1.90672731
1.96810877
1.76249075
1.5994339
6.50529337
2.92878127
3.09049273
6.74578762
6.63006115
4.70117569
4.51015186
7.11888456
7.06168222
6.77813721
6.54109764
3.20587397
2.88861346
4.46291494
6.5286727
6.61495066
4.46115208
4.46384716
4.31611347
4.30794859
5.19359636
5.16179848
5.68187761
5.71019459
6.95566225
7.04797029
18.2904167
19.599596
19.5053577
22.2229214
22.3176422
23.590416
23.3127785
21.4430809
21.571188
10.6740189
10.704607
7.4785862
7.35440826
2.03920913
1.49995363
1.50575447
2.74613619
2.85816097
1.76662588
1.89186335
2.88626885
2.80874586
2.88363242
2.84457827
2.70881224
2.8190949
1.22209454
2.41178036
2.47304606
0.3066504
0.243349001
1.82219648
1.76437998
0.535176635
0.526536286
1.60851574
1.41362143
1.71321774
1.79310441
0.948656023
1.17681539
1.11011028
4.94107866
5.11379242
3.29301691
3.3099997
0.00182384555
0.0240848772
0.200412035
0.324149936
0.457386911
0.535377681
5.98172665
7.21235085
7.47635078
0.00022321711
0
11.2306547
11.1943455
4.13985491
4.29374504
10.9702234
10.7787752
8.91375828
9.05575466
11.7777462
9.31771946
9.3581686
8.22414303
8.26490879
7.75082445
7.67449379
8.4378643
8.54315948
8.99088383
8.66739559
6.02519512
6.21149063
1.7654686
0.231936678
0.180159971
0.079526931
0.102469653
0.215548262
0.171229184
5.57220602
5.60887718
7.02726316
7.30827713
6.94696808
6.901371
6.59061337
2.39769959
2.47969508
4.75948668
4.75232935
3.68938208
3.63790846
5.11731052
4.76526976
8.98872948
9.53522873
16.1050453
15.9659042
2.39238334
2.08738422
2.13413644
0.89484632
0.750743628
2.82928824
3.01218557
1.49680161
1.43610525
2.8897655
2.98323345
2.84158278
2.86375809
2.39475226
3.81087971
3.89166903
1.77351642
1.69759941
10.737133
10.9517078
3.65960789
3.90673208
1.42236102
1.3925662
0.832285047
0.919265032
6.65286875
4.17316914
4.37426186
5.09585524
4.92535686
1.24606752
1.4032011
9.08567715
9.0463419
8.99313354
8.93289757
9.01790428
9.14369392
10.5734186
3.19700503
3.06720948
6.52222633
6.541255
1.04582655
0.939431965
2.93473053
2.82424784
37.4243431
36.6131744
33.9783974
33.5488968
0.546201348
3.45208383
3.27715778
4.70771456
4.82688618
2.55311537
2.1970799
2.46804333
2.44257021
3.28171396
3.2500751
4.60160828
4.22470331
1.07500505
0.884439349
0.84428668
0.500526726
0.630975962
0.069093056
0.049556721
0.252281696
0.262984455
1.08741879
1.30916417
2.08873105
2.19276285
0.770455122
0.664012611
0.708362639
0.883314788
0.900159359
0.287813514
0.238201618
0.320972085
0.348290771
0.51238358
0.727820754
0.846526802
0.576220155
0.0761202723
1.04350984
1.03467417
0.387030482
0.417382121
0.205314353
0.228266418
0.324938595
0.356765151
0.153036952
0.205852479
0
0
3.67251635
3.44409466
2.9526577
2.08154154
2.0366981
2.78262281
2.5245018
1.14645433
1.19346213
1.11848104
1.13399863
3.38797903
3.57082462
0.143912196
1.72493696
1.65105462
1.50265169
1.49077773
2.62762594
2.73597121
0.985037744
1.08202195
0.0945804045
6.85492269e-05
2.23767066
2.3556757
21.3736305
13.7873535
13.9239693
14.3591242
14.171113
15.598177
16.2967148
21.3880577
20.7862797
30.2355995
30.2191906
35.2997284
35.6596375
4.66616488
5.1072731
5.25616169
7.30041409
7.34664345
6.12929821
6.25193977
8.67512512
8.70606422
6.04792881
6.01641273
5.73218536
5.74083471
1.71400189
0.842456996
0.832555413
4.56504495e-05
3.11286021e-05
6.97494688e-05
1.49381649e-05
1.56506872
1.20234573
0.873342872
0.943093181
3.52326679
3.05800414
5.9706378
7.64766502
7.59922123
6.13004827
6.25577784
7.56590462
7.67403316
8.71494293
8.58894634
7.26225662
7.99287701
5.69724369
6.1333704
0.229387969
0.224625275
0.184404016
0.155415609
0.171726465
0.374414176
0.424591154
0.60992837
0.566705704
1.57032418
1.26364291
0.149329931
0.199356928
2.02363396
2.62429476
2.72196555
1.1295718
1.09871054
2.55934262
2.5639081
2.7366147
2.70339799
1.78596914
1.75926399
1.4461596
1.43066037
2.47337699
0.80520916
0.746954858
3.02710295
2.9785223
0.557297528
0.494130015
2.47672606
2.43176055
2.38017249
2.24920464
0.493592501
0.580340385
13.5364275
10.6717072
10.8792362
5.44592428
5.72588253
6.62072515
6.55118656
7.14334297
6.71245956
5.91311359
6.35278893
6.0657053
5.65859842
1.48098361
0.0640502051
0.0213826671
1.30038369
1.37559891
0
0
5.38177872
5.57275867
0.483678192
0.803061485
1.53594911
1.39025879
5.01348209
5.10602665
5.22908306
5.7458725
5.58217335
8.85605335
9.38423634
10.8475723
10.9225006
12.3413582
12.5331898
11.4944706
11.662056
10.8243046
8.95355606
8.86654949
11.7515526
11.8679981
9.24408722
9.23378181
7.60249996
7.52565289
6.76107073
6.85794687
7.96845913
7.89602947
5.97691727
5.25476408
5.36119556
5.49511862
5.61931753
6.85607719
7.04008675
7.85128403
7.83205795
6.81524658
6.67258549
7.60964966
7.64172125
4.12376595
2.1250627
2.4387114
1.40842402
1.37187338
2.50372362
2.89530611
2.94089627
3.15395093
5.49584818
5.81132269
6.07924843
6.08559322
2.56499553
1.07417846
0.912735879
2.41000032
2.4113152
4.25896645
4.33834839
2.72590852
2.56598425
2.14195418
1.97976327
2.00302505
2.01843238
9.72770119
6.55628204
6.46965742
5.10229778
5.18448734
5.3131237
5.17955208
4.913414
4.97272635
7.99612999
7.72977543
6.05937529
5.93237972
4.24966717
3.1631732
3.15621233
5.98725367
5.83963871
4.64160252
4.65829468
0.874274075
0.843056381
0
0
1.3438735
1.50115585
8.1325016
7.30783653
7.49348545
5.78085756
5.98545742
7.01699686
6.53054047
6.87326622
7.04197931
6.67046928
7.45217228
6.78235054
6.03454685
15.3983526
11.2490616
11.2505484
10.772398
10.5247812
12.7038536
12.7532129
10.6283836
11.0979624
4.90968132
3.77747202
4.40546036
4.65637016
2.72861433
1.46980178
1.02746391
1.05952883
1.19029975
0.115086041
0.115764186
3.24998403
3.23439622
2.45095348
2.19992208
0.937673569
0.749817729
3.23602676
1.33824003
1.38444078
5.91992092
5.88925266
5.99541855
6.0780735
8.29964542
8.18701744
2.39967656
2.25195074
3.75948763
3.77278042
2.83473468
2.86721635
2.83149099
0.662323892
0.681749821
0.765614748
0.689851582
0.245429248
0.215301424
0.2070757
0.282919556
0.29141435
0.239788756
10.6540546
17.2432919
17.0098152
1.81508887
1.87075007
11.2401457
10.918252
6.57417679
6.20997286
3.14240217
3.29668093
2.74008083
2.3688159
2.19176006
2.94190693
2.89174533
4.89296579
4.54260969
2.04768085
1.94033813
7.6185174
7.52135563
8.11379623
8.06259918
5.61518812
5.61607552
6.97357798
7.87106514
7.85079288
7.87931108
7.85939646
9.64518166
9.76024055
10.5955744
10.5584745
7.38431454
7.19236517
8.57801819
8.46259689
0.788879871
1.58084917
1.49743962
1.2383095
1.3526665
1.88432813
1.82297313
0.00011387741
0.000174608664
1.96164882
1.6773814
0
9.21192914e-05
3.07033443
2.65157199
2.8906076
2.12041521
2.00522423
2.29185152
2.07360029
1.93741047
1.97057438
2.35131431
2.12965965
0.78256613
0.799495578
12.2543259
10.1426058
9.94234753
14.0752945
13.8990278
14.783536
14.5910206
9.04669666
9.08267307
8.62447548
7.87945366
6.82596159
6.95005226
3.85173321
1.4244827
1.48630464
3.0446949
2.87179613
1.58572602
1.62190461
3.25899649
3.67043138
3.66798472
4.01966381
2.49849224
2.37520361
6.74175358
13.4078026
13.4778738
4.45720816
4.46913624
5.69531584
5.58503389
6.58101463
6.45717621
7.1705575
6.98308182
8.2627964
8.58815384
10.2225771
6.18651628
6.10557556
3.78271079
3.90882826
6.39015818
6.12845898
5.34955311
5.46315527
8.08081627
7.67034435
5.90575457
5.75743771
3.81996155
4.69644022
4.69056702
1.25071502
1.32859135
2.8949399
3.24761105
2.63736796
2.51353621
1.43589187
1.47431922
1.09969914
1.17806041
8.52169991
6.8837533
6.8246603
4.42561865
4.29838753
4.0323
4.07155991
10.5809822
10.2490177
5.64157438
5.63994217
8.01970577
7.99022675
0.572291315
0.435792089
0.400659651
2.97201777
3.00859809
1.58286619
1.46188903
0.260227025
1.01048744
0.000125190476
0.0260842815
0.379547596
0.214309931
3.14910579
2.77374506
2.64255929
3.0992465
2.95779943
2.92622137
2.92302346
3.23281813
3.18559051
3.09685516
2.52344418
2.97618842
3.25161719
3.70043707
3.49694943
3.41386652
4.43176126
4.13086796
3.15081978
3.30459046
2.2374804
2.15551114
6.1040678
6.27774429
6.84593439
6.77409554
3.70109057
2.46984339
2.46928048
3.31318045
3.32281804
2.20040083
2.15851188
0.302737534
0.395278096
0.15783599
0.142338619
1.41177225
1.66662741
8.48341084
4.32378292
4.29410934
7.63256311
7.98865795
5.1552062
4.88737774
6.52221394
6.55160141
3.74184179
3.53201723
8.08950043
8.19645119
1.62766171
1.3387152
1.22697163
2.11623979
1.94515359
1.35668707
1.58509433
2.37868071
2.15473413
6.26152706
6.30614185
3.19102144
2.97253799
1.54417062
0.614409447
0.463599145
0
0
0.0297365319
0.00113810156
1.14549446
1.10834682
0.521413803
0.471072644
0.724450707
1.02459955
0.279406846
0.292026341
0.291870564
0.275206536
0.254406512
0.25703758
0.266394705
0.278076917
0.277800679
0.286220223
0.295734018
0.285051614
0.26675415
8.49252796
5.1647234
5.00622034
4.78778887
4.83108425
4.73152256
4.37290192
3.3409431
3.54701805
5.44633436
5.87953568
5.29835892
5.74349499
1.09557366
0.804365873
0.853047371
0.810780764
0.773913205
3.14950728
2.98722982
1.57208717
1.61887467
1.28949881
0.955514312
0.826206446
0.840380013
4.70057106
2.32774806
2.47264099
2.99519753
2.99091816
2.2151978
1.7788403
2.79455686
2.82632208
0.0513545834
6.71665402e-05
2.39078856
2.0609889
20.6624184
26.6931114
26.6029224
21.9000168
22.0491543
20.1071682
19.9267845
24.1777153
24.4935265
29.3301506
29.3636627
26.0714226
25.9457607
2.72974682
1.90266681
1.97251141
2.58042789
2.77406836
3.27716208
2.93776917
1.41884732
1.47102618
2.7500639
3.17789698
2.67915773
2.44756508
2.84290409
3.82678008
3.7095108
3.13505006
3.17473602
3.09870076
2.98831654
2.79264259
2.73316431
4.31254625
4.03924847
2.98341775
3.05593848
2.95011449
1.01158166
1.00935483
2.32302547
2.21683455
7.33098507
7.45724535
7.74770546
7.72896719
5.79893541
5.89863062
2.81728554
2.69007206
9.57168674
11.293726
11.2787924
9.03585529
9.09230995
16.0695591
16.4532814
10.1301107
10.2944326
8.58702183
9.40057182
9.57186317
9.90833187
0.993185282
0.804973066
0.802090943
3.21119022
2.93715382
4.70511913
4.92569733
3.37902617
3.30721951
2.27159047
2.30870819
1.01591742
1.07288158
2.46506166
2.94323301
3.13702726
1.56072509
1.58068788
4.99121761
5.62036705
2.95203876
3.01857948
2.17534375
2.13747334
2.30722666
2.06879592
24.76614
23.4628067
23.7136555
21.3981705
21.0320053
19.5836716
19.701664
20.5896339
21.0244522
16.0116692
16.5077629
17.5253086
17.5440712
3.11670399
7.92506075
7.76354122
6.71256542
6.59556198
2.38305354
3.52135038
9.78741264
10.8965082
8.79915619
9.42272186
4.87323809
4.90029812
2.09180593
3.06146955
3.14269686
4.1888752
4.19030428
3.48162699
3.40479159
2.792027
2.92031169
6.92986345
7.26285934
5.78322077
5.67860317
3.44631052
6.01438236
6.01179981
4.3644352
4.22512817
7.13592863
7.17086983
5.30781031
5.07258272
4.55967283
4.34116602
3.66307545
3.65352869
3.00134802
1.30405188
1.22586834
1.78527951
1.84587145
5.40110207
5.03838205
2.07965899
1.78046739
2.07185507
0.921537459
1.41263604
1.78692424
5.81810284
7.84311581
7.54029369
6.00169373
6.03484917
4.85145473
4.55514336
2.72346997
2.55120683
4.31765223
4.18840408
5.27424717
5.00917292
9.66348743
6.79043007
6.77292395
7.73362255
7.66305542
6.80304146
6.87141275
11.4204092
11.5194607
4.64823627
4.80595207
6.49168873
6.41601515
2.91601539
3.62691331
3.55826116
1.46149695
1.4012028
3.75730157
3.62217617
3.13472319
3.20668507
2.7927351
2.92533994
3.8692174
3.82125521
2.52741146
0.835560799
0.89283067
2.17008686
2.3336854
0.695138216
0.876660466
2.54141378
2.72417521
0.981283426
0.792005897
0.754233778
0.816772699
2.98422909
4.4833498
4.48166847
1.65636921
1.53497124
2.91874719
3.02890491
2.20781708
2.16300583
2.54047632
2.24348807
3.20206451
3.30847239
0.749151289
0.899589717
0.889735579
2.29596543
2.26820636
1.99462771
1.94423819
1.45277822
1.40753019
2.81703687
2.71305585
1.35586596
1.53470647
2.26921153
3.4193728
3.31326723
4.23883581
4.32575274
1.93503702
1.87994337
1.18685007
1.44358575
2.75068402
2.74392223
2.64041758
2.76585746
3.8878324
0.315852612
0.371541739
0
0.000501000322
0.000214955609
0.000102764963
0.000116643467
0
3.8717308
3.86201572
0.298393369
0.000331385352
3.37821913
4.57327175
4.40610123
3.65239191
3.8570931
3.28256798
3.13186407
4.40494967
4.72783279
3.81480217
3.85563326
5.86929607
5.86361313
5.29654551
3.59981823
3.6333313
3.96769953
3.92712402
5.40398693
5.64841366
7.68769932
7.79992199
5.117661
5.2150259
6.58776188
6.77852631
0.583893597
1.58311224
1.55720448
0.0445523337
0.0585787669
2.29083347
2.58465362
1.03165054
1.04023576
0.917851686
0.942491531
0.447563618
0.491948754
13.3516665
15.5907516
15.5148926
10.0548267
10.3915119
8.59981251
8.20149136
5.925807
5.90735435
10.9968119
10.6375656
10.0525455
9.83498287
12.4375038
11.1528215
11.0662327
13.9169159
14.1536589
15.5477676
16.0246239
13.1513824
13.143095
21.3618431
21.775219
14.4991407
14.8175716
11.6118202
8.02186203
7.8941474
7.32234621
7.38693333
4.52528954
4.15547371
7.64435768
7.27019119
13.129487
13.2256451
11.5296679
11.4859295
4.54208374
3.0473547
2.8810575
2.18727827
2.14365387
3.88101435
4.06100035
1.54199171
1.79184341
2.34540796
2.3132
1.40660095
1.37524903
6.02648878
8.64433575
8.55470181
13.0940285
13.1275959
9.45510292
8.96333027
10.1753635
10.5329618
8.32736683
8.0079689
7.72370243
7.79123306
1.11725376e-05
2.51886249
2.48514366
4.32835484
4.44142532
3.3363719
3.20893025
0.985343397
0.916937232
1.59695268
1.48907256
0.574117124
0.63971138
2.07458282
4.45019245
4.34827042
0.764080763
0.753044009
4.06375027
4.27545261
2.5400188
2.30741024
0.874924898
0.737287641
1.06699646
0.997820139
0.295208544
1.94278479
1.87060928
1.1282928
1.22702873
0.636002183
0.803848505
1.12314987
1.11842728
0.065402478
0.117445208
0.732084394
0.78603822
9.9383831
17.539856
17.4364624
17.9752693
18.0766773
18.6607838
18.8313637
12.7243071
12.502408
10.5780172
10.8034611
11.3185377
11.5016127
1.47928154
1.57277632
1.6192174
1.13302255
1.09212136
0.766934633
0.67710197
1.92344475
1.96160674
5.72321939
5.79813337
4.8866334
4.7037878
3.2018795
0.740523756
0.684716344
3.0435214
2.94647503
2.17419624
2.02498341
6.32773685
6.08463001
1.68799007
1.48680806
3.04553056
2.90280271
1.3589952
3.09764647
3.49845052
10.5533524
10.9862556
6.09230042
6.49596548
8.83606911
8.50603867
3.55287075
3.97145128
7.33795834
7.88238573
3.26565742
3.22341967
3.32090378
2.03341055
1.92971039
3.29785419
3.28058147
3.23902345
3.22984123
3.05812049
3.0182879
2.82262874
2.98672724
2.33143854
2.39290237
2.3061893
2.76864314
2.7683351
6.21230316
6.30616808
3.71363258
3.87393761
2.50650477
2.47741604
3.58558273
3.90646482
12.8081675
11.6592312
12.3971729
4.15287113
4.12708616
5.74211884
5.80767679
7.40155506
7.22136497
6.8987813
6.51050329
8.76196575
9.5224371
4.10852528
3.08308029
3.12543321
2.79850912
2.76772571
2.4664712
2.38731527
2.12053919
2.04692268
2.73572254
2.683671
2.43627596
2.54027033
3.9534936
6.21812439
6.25350952
7.91510391
7.72280264
11.4884424
11.5215292
10.9426422
11.2078419
10.5426922
10.6068668
9.5352459
9.5032196
2.83924723
3.11926556
3.06969738
3.31102324
3.29905963
3.63883018
3.53692889
3.45773411
3.22111464
6.02554131
5.81932354
5.15623665
5.13853884
1.46523869
1.41019523
1.52181458
1.89736044
1.84139001
1.58198702
1.71405339
2.50564051
2.46660089
1.1321981
1.11043406
0.315292001
0.346224248
0.0565297529
0.352063924
0.470339626
0.144029111
0.173148349
0.314574599
0.0739395097
0
3.58883444e-05
0
0
0.00111472234
0.000657053199
1.38944292
2.15890026
2.33985209
0.749268532
0.743367374
0.206105635
0.0206000917
0
0.243159786
0
0
0.877141297
1.15330577
4.41726828
6.21926212
6.15579414
8.38389206
8.27877617
11.533844
11.2477531
2.82876182
2.92553258
6.48363209
6.29487085
9.36487484
9.26336193
1.2243886
4.07321262
4.14543819
6.13958931
6.19376278
4.75752354
4.77976179
5.37957859
6.0585556
4.01563358
4.672616
5.73135757
5.79508781
0.392571032
2.07956815
2.21210098
2.01091862
2.06621361
7.80556774
8.21433926
3.26102567
3.18431139
0.868690014
0.896479607
1.16710186
1.33795154
9.45488739
8.69795418
8.72453117
8.11184597
7.8376298
6.73811674
7.08088589
10.3309183
9.65518951
15.5077267
15.3228092
17.9357033
17.5527687
12.3078003
10.3305826
10.1571388
14.9990149
15.1148262
2.20506382
2.17984128
11.6586237
11.4778128
11.5798483
11.1861668
12.8642168
12.8054876
0.955359936
1.34585643
1.27777028
3.01174879
3.0622201
1.14030707
1.11839175
2.5432775
2.36054611
2.35636926
2.42637968
2.02848077
2.13620639
1.35980415
0.284710884
0.27221328
1.36812842
1.33964682
1.48356912e-05
1.20498171e-05
0.115458004
0.099115029
0.094303675
0.113986447
0
8.00597845e-05
13.7085218
12.560729
12.0163956
24.1253433
23.7898636
18.6425877
18.7099838
14.4086676
14.182085
18.6249809
18.2894363
14.7083063
14.7103958
1.50921881
3.72361064
3.84406853
2.1240983
2.02540326
1.57410502
1.56174958
2.54328942
2.41605806
2.80206156
3.00152969
3.34626126
3.47579169
0.597767055
0.27949813
0.309592843
1.27927804
1.30187261
1.7650373
1.72616732
2.43669534
2.36628938
1.08976483
1.20118451
1.50173569
1.50592053
2.14964628
0.804956853
0.76014781
0.682959974
0.682326794
1.26012063
1.33475137
2.52672291
2.63003731
3.96944141
4.2460804
2.62441254
2.35187531
1.87026167
6.85008335
6.79260826
0.59844017
0.599684536
2.7517767
3.14229703
5.23435259
5.27785349
3.12450695
3.14784145
3.17862225
2.97878599
8.43442631
0.872415185
1.44500673
5.13143873
4.6760149
0.759804726
0.63170135
0.510849595
0.610742271
11.9046888
12.597887
19.3120632
19.2139206
6.93651438
7.31526375
7.25072193
7.71064043
7.62774658
4.73683262
4.53729343
1.21181858
1.43784451
6.30144691
6.03883362
4.40593147
4.45832682
17.1974392
17.1219978
17.1404533
21.2845955
21.03512
13.2700653
12.8489323
8.80086327
8.73792934
10.6990557
11.6181087
9.79742622
9.90176201
2.87178922
1.89642429
1.91942847
2.7143271
2.65207171
2.61028624
2.57798266
4.05547476
4.1181035
2.0400815
2.13702583
2.11918712
2.04008722
1.44041586
2.27183342
2.105093
1.85400867
2.10823393
0.386780083
0.38912648
0.627367318
0.644592404
5.17022228
5.15122747
4.10462523
4.07152033
1.816468
7.53043842
7.42222214
2.51646852
2.22386074
12.5744534
12.6426191
1.70639455
1.74986672
0.082441248
0.000100205994
0.341307998
0.19525227
7.14633131
1.40306854
1.26298821
3.71053457
4.03863382
2.85690093
2.75451469
2.35956931
2.12224555
1.01188636
0.754431546
1.19001555
1.22258484
23.1920433
19.98036
20.0113754
15.5366573
14.9954929
18.4504375
18.084507
20.5364189
20.8210697
29.8010826
30.1790886
19.3162956
19.3583984
20.3751106
26.8053207
26.3452339
27.9466324
28.0003586
12.4571915
12.8637381
8.84049416
9.02157116
12.8411217
12.7801867
11.2646389
11.3567829
4.9640646
2.16145849
2.12292409
4.32288694
4.26986313
4.04228735
4.58987236
5.23873711
4.81550503
6.24272823
6.3874445
8.79537773
9.48213387
3.14153409
3.51497197
3.60469151
4.05667686
3.95557857
10.1631002
10.1197453
0.0185411386
0.00022394296
1.08498979
1.13822341
0.428986669
0.108602166
0.612229049
2.34575701
2.53782105
5.50691128
5.50749207
5.06584072
5.50931263
2.40254994e-05
5.05716234e-05
0
0.000168736748
0.0815461352
0.214970678
1.00609326
0.0513215922
0.236957163
2.20895481
2.35997462
2.95274615
2.74256396
0.425451964
0.342751056
0
0
0.653712749
0.528091609
8.53550243
3.62672043
3.79516506
3.42298794
3.41872644
6.0357542
6.19512796
2.27891707
2.56671047
6.03676605
6.0278635
10.8009205
10.6269617
3.11072254
2.17699099
2.38899016
3.04394054
2.98039055
2.97681189
3.2341845
4.5242672
4.73280764
3.07590508
3.38492751
2.98047566
2.77881956
4.73683882
6.95820093
6.47054482
2.9642024
2.93213415
5.41490889
5.05463219
2.79794145
2.7207377
7.90167713
7.76487494
9.45077324
9.33501625
1.22388518
4.05190754
3.75765562
4.483675
4.64680386
5.89293528
5.83995533
6.61677837
6.48248529
3.38795137
3.37223721
2.9797399
2.92300773
0.251606226
0.0816496685
0.1020483
1.82169366
1.82331038
0.087030068
0.066763401
0.565929055
0.592798412
2.80517706e-05
0
0.999058843
1.0871321
1.85283506
3.04256606
3.12711501
5.46897507
5.58648491
2.11676407
1.98814869
0.963990152
1.5027436
0.382952839
0.273119271
0
0
4.22463512
3.73013496
3.59531021
3.54788089
3.42316961
2.84626818
2.76640773
2.7931838
2.95420074
5.88413763
5.90821314
5.5414958
5.09654236
6.8354764
5.79272652
6.10563755
7.71466732
7.28537083
11.5561409
11.4975185
7.52020407
8.38606453
8.83630657
9.45277882
8.85318851
8.27008247
13.371274
9.15829468
9.22762394
11.3812771
11.1220503
15.1994476
15.7154799
15.2270555
15.3495026
16.49963
16.7419777
17.9872246
17.8438854
0.703844965
2.44821048
2.54646707
2.53417253
2.46977282
1.24783731
1.18863511
1.3919785
1.37561727
2.21357465
2.46165609
3.09320879
2.9132576
8.57954597
7.96880293
7.98425293
5.31471252
5.25603867
2.7896874
3.10014558
4.88604879
4.93277979
14.0757561
13.9952564
11.3600245
11.1396646
11.9491501
5.39903545
5.5415163
9.5208149
9.30218506
9.20851421
9.00048828
24.8565216
24.2744598
17.5890427
16.7407475
13.0815601
13.0429707
5.47628593
7.78178024
7.6589489
10.2935915
10.1514311
6.39675474
6.22387505
3.90578246
4.13449574
4.69091845
5.06439304
4.26268816
4.26333809
2.96806645
1.86647558
1.93356371
0.174080476
0.166310608
0.859874189
0.828878641
1.71645546
1.63331294
2.87881279
2.78678179
3.86816025
3.84471178
2.25208306
3.39818072
3.4032433
4.89964533
4.7600193
4.56532097
4.43943214
3.53509235
3.32160664
2.89458799
2.90406418
2.17187667
2.1340735
6.3083992
7.36330462
7.5063777
6.34382534
6.25860119
10.8070345
10.6154041
8.97421551
8.89901638
8.89429283
8.67847538
9.70886993
9.59318638
1.98372817
1.02135956
1.39080667
4.12206078
4.24569273
5.62034607
5.84217358
5.29645586
5.71162224
2.77193141
3.35362864
4.29875326
4.57306528
9.11606407
7.16617775
6.77557659
3.66603327
3.86882949
6.66443062
6.47603273
5.36098003
5.43037891
4.83072186
4.55555248
4.96396542
4.88986826
6.53721905
2.00211692
2.04862094
6.06313133
5.61296844
0.467249304
0.345264226
6.38864422
6.7218256
2.17794847
3.5420928
11.86975
11.870326
3.9950037
5.9079361
5.91008711
2.14298439
1.98237324
2.71353173
2.84917426
0.737443268
0.781635642
5.56457376
6.09372902
0.893664241
0.798763156
0.476562023
6.80934048
6.71085882
0
0.00017493403
5.74750614
5.84819841
3.22836733
2.97749019
2.09764481
2.01300669
1.00375056
0.978757203
3.5549829
3.53673983
3.51015663
1.04378104
0.93434459
1.73067451
1.37132335
4.59966564
4.58372831
2.35786462
2.22264218
1.67526996
1.44516289
8.43938324e-05
0
0
0
6.77792341e-05
6.85538316e-06
0
0.000236901615
3.0394267e-05
7.10501172e-06
6.43281019e-05
0
0.000129531909
24.546526
20.9196377
20.8829536
14.5526409
14.7235184
20.0367908
20.190834
4.83818102
5.78194761
2.63183641
2.77926373
9.31601048
10.4119701
7.99382162
5.97991848
6.02071571
3.0367794
2.93585157
1.69999838
1.55004621
2.32536221
2.39096427
2.72450662
2.70993209
1.6994704
1.97196615
4.94451904
3.1620748
3.1334846
4.81039953
4.78327131
2.59599924
2.89371991
5.44347715
5.59799528
3.58810258
3.4316411
2.75094128
3.04138708
9.59799957
9.52229118
9.55680847
6.53117752
6.32352686
8.47507286
8.54051876
8.90708447
8.23904133
11.3998737
11.1672249
10.3264732
10.3047829
12.2893839
11.2351799
11.4765444
10.7990885
10.9444103
9.97075462
9.82819557
7.38467884
7.11934185
3.65795898
3.2781527
8.49295902
8.223423
1.68325651
2.14405036
1.9627322
1.42661393
1.38050818
1.82197678
2.59926724
2.8735826
2.64110541
2.08635974
1.40655899
0.881638288
1.21665478
1.38897276
0.612006783
0.625508726
0.662322164
0.71056366
1.14289236
1.41749978
1.74252331
1.67631912
1.93755078
1.89502168
2.13870025
2.34161806
3.22650003
4.4900279
4.37110186
0.766961813
0.744020581
0.746716261
0.790823102
0.813080788
0.808474064
4.76517487
4.61383772
3.55987024
3.50466347
4.05113029
6.15586567
6.19817495
4.83434296
4.85587263
7.16014481
7.19983006
11.0881252
11.2926378
3.85299754
3.6677382
4.27154684
4.4298172
1.39334667
4.14036417
4.12505245
1.88209844
2.02151299
1.64622569
1.59092581
0.786290288
0.689555764
1.11943793
1.06437063
0.898019552
0.896910369
0.382474542
0.307081252
0.242573738
0.551874995
0.639513731
0.407003403
0.35333693
0.718104959
0.609579444
0.33599031
0.381998211
0.785715699
0.654056251
0.0571895465
0.000175391266
0.000219152498
1.49397957
1.2923826
1.17292643
1.24949002
0.743746161
0.716566324
2.66957378
2.54939651
1.53706729
1.55657291
22.2747154
16.4565315
15.6526356
27.7557144
27.3233261
25.9975986
25.5391884
20.4097519
20.3150635
16.9398804
17.2811604
10.3846312
10.2735462
0.491599292
0.493387461
0.505686939
2.82787061
2.77083492
1.11529946
1.16476345
6.85793209
6.97924185
3.70923424
3.60840154
1.08592486
1.03940988
0.647056401
1.06599152
1.10303724
0.656892896
0.653201938
0.674923122
0.903920949
1.26238704
1.34661841
1.01524425
1.14743209
0.661208093
0.65663749
6.34498978
8.72834396
8.78208542
10.2053776
10.0943661
9.77719021
9.94533157
6.98440218
6.86579752
5.45998287
4.62140989
7.61483383
7.2452631
6.91911364
5.02227688
4.95789099
4.57818365
4.80739307
3.85616302
4.00050831
6.18412542
6.3395648
8.86899567
8.79420853
4.15082741
4.37304497
2.28279543
2.60304713
2.63345909
2.70905876
2.66039705
2.53922462
2.56382871
2.52857113
2.54859066
2.64753437
2.86678219
2.75671816
2.8556428
5.707829
5.029603
5.13215971
5.2783823
5.53001785
8.08825588
8.05204868
10.6485977
10.7343216
12.1206665
12.5894489
8.82247257
8.62430954
4.29784679
3.65906954
3.69205618
0.447238594
0.470520347
0.992021918
1.36973786
0.337839395
0.420691907
0.917624116
0.971117258
0.357105702
0.308027089
11.1262741
7.59531403
7.45446205
2.90575409
2.73424101
0.000709935091
0.00011432411
8.36378574
8.94435501
6.00317764
5.72324324
1.8380698
2.26606035
1.47223043
1.87722754
1.86313963
1.52063942
1.46853256
0.150840953
0.151010811
1.90756166
1.87530994
1.86116648
1.51648426
3.0557847
3.19776368
5.66245031
5.42582464
5.26668644
5.42898417
5.19370127
5.4813962
5.83811235
6.04072142
5.91281748
5.76634789
4.7835412
4.98999548
5.32980776
9.13667965
0.695420444
0.699334621
16.8652668
13.0441761
3.12761927
1.35130739
0.499158382
0.495943278
0.692218781
0.636283875
0.623709738
0.605690479
0.703429222
2.49136066
2.61070347
0.0109729897
0.0370490998
1.42645764
1.29602861
0.258688956
0.202301428
0.299067974
0.257098198
0.017524235
0.0558419973
11.2163219
14.5931683
14.7288456
9.94174957
10.3647728
11.0886202
10.4032202
8.27751637
7.84833145
12.6515121
13.0852871
21.1591492
20.6034718
4.00100613
3.23159552
3.09737372
3.33336806
3.34118104
3.33000159
3.47323513
4.53153753
4.58148098
4.66695452
4.29172897
4.48855591
4.70099068
0.449086547
1.51918852
1.63251138
0.865046024
0.823690474
3.7004261
3.63163877
1.52505946
1.54790366
0.976983786
0.61367929
0.689875603
0.873557687
2.08669329
0.821962476
0.82667917
1.86031973
1.82047153
3.05342913
3.67389774
4.41910076
4.94284678
1.81400442
1.61448884
0.546181679
0.653974295
