0
0
0
0
0
0
0
0
0
0
0
0
0
0
0
0
0
0
0
0
0
0
0
0
0
0
0
0
0
0
0
0
0
0
0
0
0
0
0
0
0
0
0
0
0
0
0
0
0
0
0
0
0
0
0
0
0
0.631480515
0.706427395
0.232306153
0.286217332
0.428526163
0.368844897
0
0
0
0
0
0
0
0
0
0
0
0
0
0
0
0
0
0
0
0
0
0
0
0
0
0
0
0
0
0
0
0
0
0
0
0
0
0
0
0
0
0
0
0
3.17076278
3.1802783
2.94150138
2.80034065
3.96295428
3.81057954
1.73587644
1.79582465
2.91299748
2.86767912
0
0
0
0
0
0
0
0
0
0
0
0
0
0.107954405
0.651768565
0.624448836
0.00781591237
0.00436669216
0.117491513
0.175455838
0.543290138
0.459332138
0
0
0.595457077
0.606565654
2.06683874
0.445832044
0.518410265
1.77561998
1.7409631
0.910431862
0.944095016
1.15647495
1.25927687
0.805562973
0.996266603
1.04886556
1.06586134
0
0
0
1.40239227
1.41685987
0.223901123
0.208720446
0
0
0
0
0
0
0
0
0
0
0
0
0
0
0
0
0
0
0
0
0.0839139372
0.0737718493
0.114894204
0.168118745
0.122422531
0.134996712
0
0
0.363372296
0.383052051
0.176250204
0.186795995
0
0
0
0
0
0
0
0
0
0
0
0
0
0
0
0
0
0
0
0
0
0
0
0
0
0
0.305880934
0.205257386
0.216125235
0.402658254
0.409377068
0.41881451
0.443509966
0.61569804
0.641764522
0
0
0.237093583
0.232755318
0.153079033
0.130649224
0.154017776
0.983609319
1.01903319
1.82986879
1.90615249
1.28765035
1.30078864
0.5026263
0.486222208
0.143918395
0.15368025
0
0.216693953
0.241035774
0
0
0
0
1.14165497
1.16641819
1.73194277
1.70653522
1.04370022
1.00095856
0.197673365
0.567127943
0.555868089
0.317561388
0.311609775
0
0
0
0
0.701527774
0.735233009
0.862029493
0.823558211
0
0
0
0
0
0
0
0
0
0
0
0
0
0.689415216
0
0
0.0787441358
0.16317144
0
0
0
0
0
0.0552094392
0.773060441
0.789398074
1.13303804
1.03724968
0.98227191
0.321237445
0.238422424
2.78309894
2.72750759
2.65443158
2.6487298
2.49791765
2.53700376
2.09516096
2.06599522
0.704652309
0.449911624
0.451501966
0.580111027
0.543426335
0.23963201
0.248798296
0.235211179
0.17036213
0.903817058
0.919617772
0.862734616
0.824445367
1.17259324
0.94493258
0.918033719
1.0118463
1.00954866
1.18867576
1.3901825
1.45690072
1.45260072
1.00059521
0.862034142
0.823559046
0.926794648
0
0
0
0
0
0
0
0
0
0
0
0
0
0
0
0
0
0
0
0
0
0
0
0
0
0
0.0141993584
0
0
0.294914067
0.283861697
0
0
0
0
0
0
0
0
0
0
0
0
0
0
0
0
0
0
0
0
0
0
0.430510044
0.458620697
0
0
0
0
0
0
0
0
0
0
0
0.178783283
0.18649216
0.374022454
0.350061476
0.17280212
0.169367313
0.118800804
0.161255926
0.414469033
0.449351549
0.72762686
0.724098742
0
0
0
0
0
0
0
0
0
0
0
0
0
0
0
0
0
0
0
0
0
0
0
0
0
0
0
0
0
0
0
0
0
0
0
0
0
0
0
0
0
0
0
0
0
0
0
0
0
0
0
0
0
0
0
0
0
0
0
0
0
0
0
0
0
0
0
0
0
0
0
0
0
0
0
0
0
0
0
0
0
0
0
0
0
0
0
0
0
0
0
0
0.478698432
0.487542301
1.38100684
1.26884472
1.66501844
1.63757885
0.527602196
0.649588764
0.507691741
0.429510236
0.508577824
0.453692615
0.248724923
0.526845813
0.502276182
0.903881729
0.973256767
1.26319063
1.16316378
0.374742061
0.452533096
0
0
0.795443118
0.73161453
0.13272737
0
0
0.775831044
0.682828188
0
0
0.57093364
0.56302166
1.08490491
1.23437262
0.565321326
0.45458284
0.758963048
0.76292789
0.76803422
0.502957523
0.516090989
0.360620469
0.363577724
0.811378598
0.818176508
0.912391841
0.918149531
0.987164497
0.940976799
0
0
0
0
0
0
0
0
0
0
0
0
0
0
0
0
0
0
0
0
0
0
0
0
0
0
0
0.119944103
0.110008679
0
0
0.0820412412
0
1.68208861
1.63198924
1.19066727
1.12160385
1.36840558
1.29970109
0.621060252
1.72510087
1.7207824
1.27018738
1.23791111
1.4996506
1.63564539
0.208036631
0.304770142
0.460098356
0.414503902
0.504618526
0.442372203
0
0
0
0.591104209
0.598947167
0.841962218
0.839149356
0
0
0
0
0
0
0
0
0
0
0
0
0
0
0
0
0
0
0
0.0300479066
0.123021401
0.118876167
0
0
0
0
0.126220137
0.0988904908
0.136546031
0.12506026
0
0
0
0
0
0
0
0
0
0
0
0
0
0
0
0
0
0
0
0
0
0
0
0
0
0
0
0
0
0
0
0
0
0
0
0
0
0
0
0
0
0.564098656
1.04039347
1.06110644
0.655553758
0.671862185
0.409943789
0.431551844
0.656187356
0.693935573
0.0768926218
0.0136737777
0.130059764
0.158288732
0.261137635
0.0924527273
0.050311368
0
0
0
0
0
0
0
0
0
0
0
0.687042236
0.693692029
0.704768896
0.623031557
0.622992218
0.636598527
0.133365497
0.153249383
0.876666307
0.944207251
0
0
1.09653497
1.6123687
1.63155901
1.80862248
1.78013158
0.768584907
0.529294133
0.0827433392
0.0595103763
0
0
0
0.0250333827
0
0
0
0
0
0
0
0
0
0
0
0
0
0
0
0
0
0
0
0
0
0
0
0
0
0
0
0
0
0
0
0
0
0
0
0
0
0
0
0
0
0
0
0
0
0
0
0
0
0
0
0
0.631714463
1.05035603
1.09308779
0.680457711
0.735983193
1.17013884
1.14038265
0.00949276332
0.0246699601
0.190464139
0.297648549
1.3517952
1.32559896
0
0
0
0
0
0
0
0
0
0
0
0
0
1.52930629
2.25094652
2.06595993
0.874201059
0.986302793
1.09254634
1.00655353
0.929597855
1.09267747
1.99510622
1.6063447
1.23627353
1.32520115
0
0
0
0
0
0
0
0
0
0
0
0
0
0.71732527
0.304118186
0.266957551
0
0.0274932161
0
0
0.610871315
0.609914303
0.205067411
0.285683632
0.201068029
0.243841723
0.880892694
1.35156131
1.35760641
0.538080692
0.488161862
1.87195361
1.77855253
2.91372943
2.87893748
1.25927317
1.41541064
1.01887846
0.995342314
0
0
0
0.0856642947
0.0526837707
0
0
0
0
0
0
0
0
0
0
0
0
0
0
0
0.577182114
0.650710046
0
0
0
0
0
0
0
0
0
0
0
0.352130085
0.363334715
0.0563687943
0
0.163215488
0.194762275
0.803086698
0.689441741
0.691669583
0
0
0
0
0.130337253
0.170148566
0.737426698
0.627876461
0.444760263
0.418939739
0
0
0
0
0
0
0
0
0
0
0
0
0
0
0
0
0
0
0
0
0
0
0
0
0
0
0
0.203034133
0.220661387
1.96685386
2.06079197
0.558950365
0.479446441
0.139832675
0.226977423
0.671846032
0.737284303
0.631693661
0.634913623
0.162973166
0.0794167668
0.123230048
0.936558604
0.839771807
0.192507654
0.238280982
0.328989923
0.27764523
0.104850568
0.170353413
0.684899807
0.517549932
0
0
0
0
0
0
0
0
0
0
0
0
0
0
0
0
0
0
0
0
0.850484848
0.846009433
1.02024531
0.997107625
1.38357055
1.35746443
0
0
0
0.771757007
0.776573896
0.259765148
0.250559419
0
0
0
0
0
0
0
0
0
0
0
0
0
0
0
0
0
0
0
3.85586667
3.45214963
3.43678975
2.28287721
2.24821377
1.60364032
1.56194377
0.747766852
0.735163331
2.14768934
2.25708222
2.00866628
2.0548811
0
0.137017921
0.159750655
0.166197315
0.189922377
0
0
0
0
0.0492885336
0
0.489277363
0.547246456
0.870334744
1.64199758
1.72404349
1.27991199
1.37510681
1.29126477
1.06070971
0.863048911
0.880158901
1.27452075
1.44657683
1.83592772
1.79274905
0
0
0
0.858520329
0.862653971
0.855774701
0.873141766
0
0
0
0
0.375935942
0.120683335
0
0
0
0
0
0.064741835
0.0749368891
0.0548583306
0
0.0365441926
0.0704576001
0
0
0
0
0
0
0
0
0
0
0
0
0
0
0
0
0
0
0
0
0
0
0
0
0
0
0
0
0
0
0
0
0
0.814351201
0.665663123
0
0
0
0
0
0
0
0
0
0
0
0
0
0
0
0
0
0
0
0
0
0
0
0
0
0
0
0
0
0
0
0
0
0
0
0.161628559
0.26308769
0.166962758
0.163758934
1.11338019
0.968621194
0
0
0
0
1.31469917
1.50997365
1.51440036
0.722323298
0.75248909
0.990210891
1.03544092
2.54006839
2.545223
2.08569407
2.00283861
2.25261283
2.24948359
0
0
0
0
0
0.92382139
1.06622732
0
0
0.818808258
0.738533318
0
0
0
0
0
0
0
0
0
0
0
0
0
0
0
0.0437268317
0.188701004
0.224412039
0
0
0
0
0
0
0.530738771
0.504031599
0.873768449
0.847028613
0
0
0
0
0
0
0
0
0
0
0
0
0
1.80483079
3.0002923
3.10631752
1.78226626
1.7848165
1.71419954
1.96570158
2.10133123
2.05104065
0.765495181
0.628635526
1.26886964
1.23747516
0
0
0
0
0
0
0
0
0
0
0
0
0
0
0
0
0
0
0
0
0
0
0
0
0
0
0.065405637
1.01260531
1.00442815
0
0
0
0
0
0
0
0
0
0
2.52569938
0.767838955
0.768740118
0.291166902
0.318458855
0
0
1.64532769
1.67233384
2.62307763
2.70166683
2.31999898
2.26296067
0
0.706503868
0.732854843
0.0315782242
0.0721941814
2.96277809
2.97031379
0
0
0
0
0
0
0
0
0
0
0
0
0
0
0
0
0
0
0
0
0
0
0
0
0
0
0
0
0
0
0
0
0
0
0
0
0
0
0
0
0
0
0
0
0
0
0
0
0
0
0
0
0
0
0
0
0
0
0
0
0
0
0
0
0
0
0
0
0
0
0
0.48052308
0.554331064
0.562713325
0.78035903
0.783711731
0.417884141
0.413045079
0.0325730257
0.0577345937
0.19591178
0.22689788
1.19461679
1.19601727
0
0
0
0
0
0
0
0
0
0
0
0
0
0
0
0
0
0
0
0
0
0
0
0
0
0
0
0
0
0
0
0
0
0
0
0
0
0
0
1.24500716
1.33196867
1.3263495
1.23322213
1.31506479
1.09035361
1.20695555
1.83555186
1.85066533
1.6063683
1.40431476
1.42381942
1.57292986
0
0
0
0
0
0
0
0
0
0
0
0
0
1.15850687
1.2617048
1.24452126
1.55842566
1.58527887
2.39366817
2.41751361
0.725444973
0.774603426
1.27719223
1.15348768
1.16892242
1.1970638
0
0
0
0
0
0
0
0
0
0
0
0
0
0.132806972
0.0969174728
0.122151881
0
0
0
0
0.769514441
0.758938968
0.494391114
0.598397791
0.443059742
0.456019402
0
0
0
0
0
0
0
0.757897079
0.763368547
0
0
0
0
1.04026818
0.294280887
0.340746522
0
0
0
0
0
0
0
0
0
0
0
0
0
0
0
0
0
0
0
0
0
0
0
0.648626149
1.6473856
1.78575432
0.4782691
0.453269809
0.327579767
0.36203438
0.401776254
0.538217008
1.3920747
1.50505781
1.2318908
1.36756551
0.93292433
0.310999811
0.251061022
0.234527454
0.243072689
1.26284611
1.30907583
0.576847017
0.683692694
0.753943443
0.726810157
0.351086706
0.260257065
0.326633364
0.213314235
0.214482814
0.469109356
0.477936
0.508393884
0.495363355
0.086267665
0.100645065
0
0
0
0
7.84447432
3.79831553
3.68915915
0
0
0
0
0
0
0
0
0
0
1.66091967
0.656109452
0.661956489
0.560287297
0.626299739
0.280140996
0.261483103
2.35073781
2.38850498
1.19600999
1.2770102
2.27857709
2.25754523
0
0
0
0
0
0
0
0
0
0
0
0
0
0
0
0
0
0
0
0
0
0
0
0
0
0
0
0
0
0
0
0
0
0
0
0
0
0
0
0
0
0
0
0
0
0
0
0
0
0
0
0
0
0
0
0
0
0
0
0
0
0
0
0
0
0
0
0
0
0
0
0
0
0
0
0
0
0
0
0
0
0
0
0
0
0
0
0
0
0
0
0
0
0
0
0
0
0
0
0
0
0
0
0
0
0
0
0
0
0
0
0
0
0.125104144
0.0982474163
0
0
0.655893683
1.35224223
1.37677932
0.919053257
0.913594186
0.460733056
0.510105789
0.897657156
0.806707323
0.00753654214
0.00367687433
0.00576511305
0.0587865338
0
0.918066561
0.9898296
0
0
0
0
0
0
0
0
0.331316084
0
0
0
0
0
0
0
0
0
0
0
0
0
0
0
0
0
0
0
0
0
0
0
0
0
0
0
0.235473663
0.0445256718
0.0583990254
0.643796742
0.641328573
1.0489018
1.09273529
0.647992849
0.712116182
1.06720865
0.996854365
0.59393698
0.557640076
0
0
0
0
0
0
0
0
0
0.862355351
0.767742753
0
0
0.370000273
0.705563903
0.717397213
1.10446167
1.13606942
0.428046912
0.328035414
1.32584989
1.34756351
0.312886357
0.519023895
0.608941138
0.55979389
0
0
0
0
0
0
0
0
0
0
0
0
0
0
0
0
0
0
0.129028395
0.248407707
0.161148116
0.167665467
0.251757681
0.190024853
0
0.00840686075
0
1.20125723
1.19236648
0
0
1.28960502
1.3038466
0
0
0
0
0
0
0.404361933
0.754765272
0.702829182
0.033967495
0.0454673134
0.989040792
0.96930176
0
0
1.00307274
1.07033145
0.920922458
0.904267728
0
0
0
0
0
0
0
0
0
0
0
0
0
1.13737226
1.03989506
1.11376429
0.454110086
0.546522856
0.914255381
0.985884845
0.976886272
0.656058252
0.73351866
0.650440574
0.573017716
1.00034475
0
0
0
0
0
0
0
0
0
0
0
0
0
0.166194648
2.17859507
2.38425756
0.0454383865
0.0703471452
0.840445638
0.791709185
0.414420903
0.379635423
0.467491448
0.56732583
0.535610199
0.179936811
0
0
0
0
0
0
0
0
0
0
0
0
0
0
0
0
0.0495252162
0.0229261816
0
0
0
0
0.404697865
0.32982865
0
0
0
0
0
0
0
0
0
0
0
0
0
0
0
0
0
0
0
0
0
0
0
0
0
0
0
0
0
0
0
0.49202621
0.559482992
1.84184802
1.88472831
0
0
0
0
0
0
0.905104399
0.815665781
0.796335042
0.821059525
0.855159879
1.3315233
1.39951694
0.681708395
0.597146869
0.377185524
0.365312427
1.48286581
1.52746058
0.524702311
0
0
0
0
2.46135402
2.58772635
0
0
0
0
0
0
0
0
0
0
0
0
0
0.594949782
0.280746758
0
0
0
0
0
0.106466047
0.153118521
2.21792793
2.22638249
0
0
0
0
0
0
0
0
0
0
0
0
0
0
0
0
0
0
0
0
0
0.156249017
0
0
0.901930869
0.956113935
0
0
0
0
0
0
0
0
1.09880185
0.880858123
0.867041409
0.890821218
0.899735987
1.08151579
1.08433914
1.04427922
1.05104125
0.780102611
0.800335765
0.427106827
0.386656404
0
0
0
0
0
0
0
0
0
0
0
0
0
0
0
0
0
0
0
0
0
0
0
0
0
0
0.0863830373
0
0
0
0
0
0
0
0
0
0
0
0
0.552131116
0
0
0
0
0
0
0
0
0.476556689
0.514964283
0.629139721
0.672771573
0
0
0
0
0
0
0
0
0
0
0
0
0
0
0.757088244
0.719913185
0
0
0
0
0
0
0
0
0.731597602
0.840334117
0
0
0
0
0
0
0
0
0
0
0
0
0
0.773387015
0.133018568
0.121402115
0.131323189
0.115066126
0
0
1.36505771
1.36319637
0.789290965
0.850329399
0.668434024
0.608370543
0
0
0
0
0
0
0
0
0
0
0
0
0
0
0
0
0
0
0
0
0
0
0
0
0
0
0.989566684
0.322542489
0.337809175
0
0
0
0
0
0
1.68691361
1.77329969
1.81917536
1.81220722
0
0.427987397
0.589081526
0
0
0.221772254
0.350282997
2.82386279
2.86426973
0
0
0
0
0.700733125
0.607448339
0.569096506
0.310299456
0.424230874
0
0
0.0456806868
0.0541910119
0.776275516
0.964380264
1.66042161
1.74007177
0.138651386
0.633892596
0.666059077
0.422211468
0.454821736
0
0
0
0
0
0.181078628
0.156941399
0
0
0
0
0
0
0
0
0
0
0
0
0
0
2.02245212
0
0
0
0
0
0
0
0
3.64736938
3.66226435
5.25932455
5.35466623
0
0
0
0
0
0
0
0
0
0
0
0
0
0.344620228
0.54420656
0.581314147
0.0571061596
0.0449562632
0.505013943
0.500607133
0.535967171
0.530060172
0.107675858
0.135007799
0.162723154
0.151685685
0
0
0
0
0
0
0
0
0
0
0
0
0
0.514144063
0.257354021
0.265537441
0.576774716
0.569392741
0.741456389
0.811354041
2.02685928
2.07303667
1.29452515
1.3805536
1.382249
1.37676394
0
0
0
0
0
0
0
0
0
0
0
0
0
0
0
0
0
0
0
0
0
0
0
0
0
0
0
0
0
0
0
0
0
0
0
0.628997624
0.578962922
0
0
3.62766266
3.61851931
3.71839333
2.84576154
2.98197317
3.30922747
3.0419426
3.44946766
3.49112058
3.93999982
4.47994041
4.05316734
3.62392616
0
0
0
1.83852565
1.77907908
2.1968596
2.23682404
2.24985695
2.20039415
0
0
0.829397917
0.899834394
0.440518618
0
0
0.466503441
0.468747944
0
0
0
0
0.135073513
0.150515288
0.213046864
0.230744839
0
0
0
0
0
0
0
0
0
0
0
0
0
0.436537594
0.512069881
0.542313159
0.339825004
0.34000808
0.501968563
0.446991861
0.0575788841
0.0640896857
0.529006541
0.429006189
0
0
0
0
0
0
0
0
0
0
0
0
0
0
0
0
0
0
0
0
0
0
0
0
0
0
0
0
0.151940897
1.13558304
1.15095127
0.0569998436
0.138661757
1.06254673
1.23948419
0
0
0
0
0
0
2.17687178
1.8618958
1.74964285
1.71748805
1.58359599
1.80132759
1.8193351
2.30626512
2.13410521
2.22855401
1.70689583
2.05419803
2.33115005
0
0
0
0
0
0
0
0
0
0
0
0
0
0.0986433625
0.833142936
0.855605125
0.162886888
0.130756512
0.692578495
0.701085091
0.305630535
0.335926265
0.156567916
0.184324235
0
0
0.632799447
0.131684929
0.0497299396
0
0
0
0
0.415866166
0.395606369
0.0794047266
0.054968562
0.189320415
0.346749038
0
0
0
0
0
0
0
0
0
0
0
0
0
0
0
0
0
0
0
0
0
0
0
0
0
0
0.794736207
0
0.000153619709
0.594233334
0.703000903
1.05032396
0.874441028
0
0.034149427
0.276572496
0.647332132
0.711796761
0.538352966
0
0
0
0
0
0
0
1.13422096
1.06880474
0.673920512
0.447388113
0
0
0.0370689929
0.0569910668
0.0903409943
0.64063096
0.549797952
1.76302016
1.95047355
0.944985151
0.932048619
0.425975651
0.43204692
0.0169272218
0
0
0
0
0
0
0
0
0
0
0
0
0
0
0
0
0
0
0
0
0
0
0
0.0630566254
0.294176608
0.225881934
0.198730543
0.392454416
0
0
0
0
3.00117731
2.75814867
0.575603127
0.350469023
0.0230945032
0
0
0
0
0.0669352561
0.0398482233
0
0
0.12270312
0.0478508882
0
0
0.141948432
0.168316245
0.238052413
0.232417315
0.850756526
0.533179998
0.555235147
0.40477553
0.440913945
0.11764887
0.214164332
0.677349031
0.738643408
0.142623514
2.09490427e-05
0.206086531
0.255111605
1.11823499
1.45405495
1.42230558
1.44696474
1.4798193
0.774311006
0.766476989
0.640700638
0.730724871
0.875691593
0.893418193
1.11995816
1.12554395
1.09719265
1.30178571
1.23935497
0.910462141
0.992140234
0.762983501
0.702870429
1.21060991
1.3393749
1.27008665
1.2856313
1.81734312
1.79237771
0.958833039
0.291469157
0.304864168
0.481897235
0.466279328
0.93985188
1.02084649
1.83512592
1.87668252
0.88056469
0.916024566
1.44510961
1.51471996
0.383201629
0
0
1.37275386
1.37398922
2.06741619
2.26560307
1.92147088
1.92263961
3.16516066
3.33950067
1.52673471
1.65027475
0.0811647177
0.125624433
0.0858585387
0
0
1.00577617
1.13242495
0
0
0
0
0
0
0
0
0
0
0
0
0
0
0
0
0
0
0
0.0891881883
1.42204249
1.36411273
0.226308927
0.273397595
0.685003579
0.81430912
0.60330373
0.551223278
0
0
0.0926273465
0.104862727
1.20644677
2.78299975
2.77022028
2.79247522
2.80585337
2.86664057
2.88532472
1.85868573
1.82008922
2.10835838
2.16821623
2.10836887
2.11272597
0.316501468
0
0
0
0
0
0
0
0
0
0
0
0
2.94173717
2.94786787
2.96108174
2.44775534
2.38777399
4.88605022
4.92266226
3.61223435
3.68648243
2.90887165
2.87145662
3.30846095
3.56236148
0
0
0
0
0
0
0
0
0
0
0
0
0
0
0
0
0
0
0
0
0
0
0
0
0
0
0
0
0
0
0
0
0
0
0
0
0
0
0
0.406190515
0.968051493
1.00957155
0.955213785
0.933926463
1.38094842
1.27307928
0
0
0.381027579
0.345923752
1.17532837
1.23783076
0
0.664179265
0.701765537
1.0141716
1.03407502
1.86023855
1.9409498
1.11558867
1.22041452
0.426550359
0.547149241
0.783930719
0.827224553
0
0
0
0
0
0.858429372
0.967011213
0
0
1.36645734
1.40014827
1.80414653
1.70252979
0.0643708929
0.239461303
0.215741694
0.79333818
0.812206566
0.176262647
0.168490976
0.669862509
0.605617583
0.604300141
0.628457487
0.491233408
0.529433072
0
0
0
0
0
0
0
0
0
0
0
0
0
0.221985728
0
0
0.0326883607
0.0395543724
0.342072099
0.350398242
0.898163319
0.904518783
0.873584509
0.984049857
0.633624852
0.560299575
0
2.37217903
2.28061056
0
0
0.803348303
0.96966058
1.79210615
1.79680002
0
0
0
0
0
0
0
0
0
0
0
0
0
0
0
0
0
0
0
0
0
0
0
0
0
0
0
0
0
0
0.935539365
0.443709612
0.403230757
0.328589678
0.360577345
1.31489766
1.30225289
0
0
0
0
0
0
0
0
0
0
0
0
0
0
0
0
0
0
0
0
0.212835342
0.242504105
0
0
0.910068095
0.728069425
0
0
0
0
0
0
0.187199503
0
0
0
0
0
0
0.0882080048
0.0521828346
0
0
0.167129099
0.0788779631
0
0
0
0
0
0
0
0
0
0
0
0
0
0.0196449943
0.692683578
0.649501383
1.24892175
1.30451059
1.44368041
1.46442103
1.94932699
1.91440701
0.381350428
0.390635759
0.0885242373
0.0824735016
0
0
0
0
0
0
0
0.156832159
0.0225143749
0.0176661462
0.047931809
0.651719332
0.698309004
0.517747641
0.426347494
0.328959793
0.112813771
0.109944455
0
0
0
0
1.0063169
0.942123055
0.853263795
0.727925003
0
0
0
0
0
0
0
0
0
0
0
0
0
1.60574329
2.31910086
2.30430007
0.86478287
0.875923395
0.0728879049
0.204694033
0
0
2.63622379
2.72814488
2.36754918
2.30002403
0
0
0
0
0
0
0
0
0
0
0
0
0
0
0
0
0
0
0
0
0
0
0
0
0
0
0
0
0
0
0
0
0
0
0
0
0
0
0
0
1.2359221
1.22730875
0
0
0.206636503
0.288648576
0
0
1.0555315
0.998871267
0
0
0.99697715
0.348573148
0.351041049
0.333571523
0.302533507
0
0
1.01359057
1.0345552
0.492992193
0.463259697
0.410616815
0.34793061
0
0
0
0
0
0
0
0.593476772
0.368123293
1.11971915
1.08459044
0
0
3.47587991
2.22952628
2.22418642
2.41892505
2.38587046
1.10406756
1.21476889
2.57564163
2.66184354
1.77845788
1.70156479
1.17721522
1.36914897
0
0
0
0.00282009528
0.00202631275
0
0
0.104431763
0.140590459
0.218666717
0.246440753
0
0.0137988608
0.834266067
1.12367296
0.98277849
0.565896809
0.53421247
0.920265138
1.55500138
1.8000958
1.61172712
1.20098937
0.664134324
0.275154948
0.556547165
0
0
0
0
0
0
0
0
0
0
0
0
0
0.209046409
1.02147675
0.998317003
0.406054199
0.473532379
0.292865604
0.260675311
0.121039264
0.060526289
0.112541839
0.109024175
0.174364358
0.136247277
0
0.319792628
0.391874701
0
0
0
0
0
0
0
0
0.641443431
0.648576617
0
0.01845745
0.0357212573
0.162609518
0.153325573
0
0.0412137099
0.963721931
1.01562572
0.432931602
0.4749192
0
0
0
0
0
0
0
0
0
0
0
0
0
0
0
0
0
0
0
0
0
0
0
0
0
0
0
0
0
0
0
0
0
0.15025039
0.339673638
0
0
0
0
0
0
4.22449875
4.06574297
3.9451015
4.05085516
3.8709743
4.02402544
4.29292822
4.53072453
4.43274784
4.32165337
3.56411576
3.79428935
4.05731773
0
0
0
0
0
0
0
0
0
0
0
0
0
1.58682072
0.504335582
0.378249109
1.22945023
1.17715085
1.0680337
1.27740562
2.41770077
2.51702833
1.92061102
1.5605886
0.600540221
0.847284257
0
0.530430257
0.583573222
0.0470703207
0.0339953415
1.19855106
1.06298852
0
0
0.108011685
0
0.181507215
0.25104779
