-1.00457215
-0.217769638
-0.564373195
1.90928698
-2.08325338
-0.853298306
1.11956191
0.104694478
0.605118096
-1.38514805
-0.425228953
-1.22479177
-0.787250638
-1.87465799
-2.86091423
-1.59004962
-2.07878923
-2.21163869
-1.63270974
-1.02581704
-1.83092284
-3.46925879
-0.821232677
-1.7106874
-0.622402132
-0.836026728
0.925089359
0.211879954
-0.509680927
8.59497833
-0.906927764
-2.19812465
-2.97340274
0.838753879
-5.16119385
2.80228996
3.54756498
-2.7592535
-0.605712235
0.0776640251
0.129502699
-0.0184180122
-0.0452110618
-0.137807354
-0.0613588132
0.0739201456
0.0671373308
0.0715313405
0.019541448
-0.0103403311
-0.0140381996
0.0896614566
0.114982694
-0.185804054
-0.115548581
-0.189326584
0.93367368
-0.847200394
-0.0593660511
-0.52742511
0.346181989
0.478725582
-1.13673103
2.66963959
-0.622204363
-0.401656359
0.335417986
1.37541878
1.2489543
-0.45825237
-0.138220549
-0.303274184
0.627864361
0.313257426
1.04452682
0.417289883
0.166727081
0.843589962
1.48185992
0.0830450431
-1.10127342
0.305393487
0.19790712
3.8705616
-1.41329873
-1.09408915
-0.113506608
3.25043154
-0.267269135
2.01755166
1.62511301
0.145088717
0.230663657
0.26225692
0.219748899
0.210650966
0.123950258
-0.291747004
-0.252454579
-0.00945120957
0.198215812
0.25165534
0.21470049
0.15547581
0.953894079
-0.639963269
-1.98827207
0.606471539
0.538585007
0.299555987
1.84657931
0.781213641
0.378318816
0.3172279
0.636566043
-1.7279104
2.8528471
-0.140657023
0.0150729753
0.209028289
0.0788968801
0.154022336
0.112681612
0.0887100399
-0.200927302
-0.174930081
-0.18473205
0.0379508175
0.0934063271
0.0715844631
2.62862754
0.33125788
0.231662139
0.171949714
1.24223888
1.19276464
0.148436934
0.733754337
-0.108793579
-0.286137789
-0.371637285
1.93749118
1.22152495
-0.246583208
-0.263457686
-0.9134112
0.589963853
-1.3536917
0.0828446001
1.41225111
0.17319499
0.667324662
-0.880950272
-0.857925355
0.123525806
0.448939294
10.5784264
0.302734405
1.16301537
1.29281676
0.148263723
-0.290955693
5.53219271
7.22181845
1.73386657
-0.503536284
1.14681935
1.11256957
2.05161858
0.829591691
1.17671454
1.04439545
1.10018492
1.0052681
0.848367691
0.388485104
1.29337847
0.801740885
0.763983607
1.69150066
0.537910938
0.962416828
0.227375194
0.217099994
0.104484707
-0.0967079774
-0.148018837
-0.172757
-0.201322079
-0.0624225773
0.0615576021
0.0613481365
0.0970542729
0.113595217
0.210344538
0.16027385
0.213387534
0.229560152
0.0120332716
-0.345440656
-0.212164328
0.0555296056
0.197815403
0.241802737
0.154732719
0.11578349
0.0606278777
0.106261455
-0.841661453
-0.798087597
0.202470258
-0.822775722
-1.152493
-1.58343756
-1.09281194
-1.11028874
-0.460371107
-0.694880188
-0.884979606
-0.823703885
-0.396396399
0.393836111
0.286501259
-0.181882396
-0.0593415312
-0.522762656
-0.411556274
-0.0867613554
0.255325258
0.527289093
0.942972302
0.354188323
0.127969012
0.491176128
0.359502882
0.387966156
1.18582904
0.619274616
-0.755434752
-1.16303575
1.04799199
0.114578471
-0.782607615
0.169814363
1.82427728
0.0248767715
0.365252793
0.262420028
0.194983736
0.0560835265
-0.032150697
-0.151935622
-0.100260332
-0.156189486
0.0064968178
0.174950182
0.0826000124
0.133714378
0.193352878
0.15059568
-0.103468001
0.194885492
0.624038279
0.53397876
0.334461153
0.153938025
0.169718012
-0.0109849805
-0.0746022537
0.021601649
0.00434787245
-0.195264772
-0.00885547604
0.302898109
0.129883021
0.00545078283
0.0642266199
0.0631225854
-0.0806333125
-0.3640576
0.0183833893
-0.0730835646
0.0738247409
0.150324494
0.120956309
0.033178743
0.0643151328
0.127219126
0.0844565034
0.249733761
0.212148383
0.164061293
0.236947507
0.230823115
0.150790051
0.119452678
0.293293297
0.0269266609
-0.286988527
0.272478431
0.348722637
0.0872288048
0.273124725
0.221562952
0.166822433
0.136702567
-0.529293478
-0.444975764
-0.351641774
-0.130894557
0.186327696
-0.24919191
0.11798773
-0.392463565
-0.974689424
-0.212053925
0.78700459
0.0939584225
0.828194916
0.187685266
0.312256306
0.351480633
1.1150409
0.18697229
-0.444386452
-2.62528348
-3.35302377
-0.97311151
-1.2296598
-2.96533823
-1.87123382
0.897385359
0.532343507
3.4411931
-1.18092644
-0.72980243
-0.601332664
-3.32167029
0.207477063
0.433638424
0.461978108
0.681061685
0.466100931
0.312560886
0.618656099
1.42663884
0.603987157
0.972121954
1.21038902
0.712362707
0.524408698
-0.11508584
0.0205527972
0.0692110136
0.146072954
1.71374762
0.173640251
0.066325821
-0.0145353973
-0.206912637
-0.070661664
-0.165644348
-0.0364712216
-0.0334262587
0.14014101
-0.532686591
0.403684109
-0.8562451
0.294797271
0.547560275
0.0702948719
0.135065421
1.46566331
1.29764259
-0.347142369
0.771597564
0.431376457
2.97287726
0.589628875
3.3074801
1.91091049
2.04773641
2.31401896
1.72365451
2.90864968
5.168993
1.8849715
-17.0238113
3.7301774
2.29127812
-1.71108627
-0.250204533
-0.489536285
0.0841554478
-1.0977
-0.0821265876
1.90119588
-0.75715518
-0.706472099
13.3521624
-1.47221017
-0.362350285
-0.257296115
0.31379509
-0.86776042
1.4561739
-0.271027416
0.719246089
-0.575609863
-0.697390199
-0.642119646
2.09902024
-0.233726904
-0.492139608
0.179625332
0.482002735
1.81941581
4.11965513
-0.248318553
0.480795085
14.0261307
0.502543092
0.819646597
0.612730503
1.66762209
0.249211788
3.75039911
-0.336555302
5.51695061
1.75161839
0.473471075
-0.865071118
1.71794605
0.144688994
1.33758628
0.135731742
0.367618382
0.912624598
4.20143509
-0.835285246
1.59106004
0.629606366
0.161582977
0.122796349
-0.371499121
-0.340646565
-0.240389079
-0.306973577
0.0370983407
0.263326973
0.0660010651
0.676720142
0.859877467
0.578124642
0.286622673
-0.675819635
0.105728373
0.156462714
1.19463122
1.3154875
0.861778021
0.729998708
-0.148206219
-1.62379742
0.259180754
-0.424753875
2.2860949
1.22704411
-0.0494754091
-0.29832381
-0.00105887314
-1.15629232
-1.8736397
-1.94087946
-0.874569714
-1.92102587
-0.617158175
0.498481274
-0.921463072
-0.357084274
-0.189441219
-0.559688151
-0.15554595
0.0891930312
0.067883268
-0.139224812
-0.109038703
0.193557799
0.313428044
0.768931866
0.400557548
0.792722702
-0.0773255005
0.511863351
-1.10086691
-0.835959256
1.99691927
0.52545917
-1.96815121
-0.570289552
1.91337252
0.80980742
-1.10672665
0.026216032
-0.668191433
-0.687110603
-0.853046179
-0.381954819
-0.281747699
-0.420447618
-0.348087996
-0.30132556
-0.295563102
-0.242927507
-0.258057415
-0.223580599
-0.181368992
-0.0381091759
0.0352585055
1.09680331
0.206698209
0.147767648
0.119379662
0.103881165
0.130964741
-0.00423763646
-0.291418731
0.129717186
0.0490180142
0.0974494442
0.050054729
0.108972691
0.0910151079
0.475211143
-2.08419299
-0.874489069
2.11511588
-2.91604686
-1.6845746
0.35751006
0.0758775324
-0.941053748
0.421550333
-0.0773435012
-1.85712218
-5.32567787
0.168999776
0.245660707
0.188720658
0.318115443
0.0476883352
-0.288039297
-0.165962145
-0.240249828
-0.561224997
0.178552732
0.126027927
0.398587584
0.408317775
0.0362210907
1.51528263
1.30550265
-2.03968596
0.539505661
-0.137145236
0.408938617
1.50952756
-0.207856387
0.924305439
-0.0156123284
-3.0802362
0.938592255
-0.695895255
-0.415138245
-0.643128157
-0.40916422
-0.118410937
1.0603683
-0.624496996
2.11688185
-0.326201707
-0.875549793
0.734061599
0.632949769
-0.928302586
-0.345956206
-0.598974109
-0.459319532
-0.49355492
-0.58761102
-0.0189003516
0.142368019
0.401511788
1.30713594
1.87057972
1.7239238
-0.00612919498
0.228040785
-0.186932474
-0.447426111
1.2899884
-0.0490308926
-0.126153842
0.214319095
0.0982754752
-0.864445984
0.965477943
-0.254986286
-0.0278682187
-0.32138136
0.595867634
1.20380592
-2.12580013
0.368451089
-0.0273945853
-3.55053711
1.99195361
3.64977932
-0.112407207
-1.37547123
0.0894044712
2.29042935
2.0327425
0.904106975
0.149235994
0.4817563
0.628760755
0.46098125
0.291012228
0.16488713
0.189438865
0.060623344
-0.0686450675
-0.861731231
0.0425312072
0.329624295
-0.00620806403
0.317641705
-0.209112793
-0.597214818
-0.205789983
-0.0630191043
-0.106101468
-0.411263764
-0.0412511975
-0.52282095
-0.196665749
-0.0220228862
0.484247953
0.150494114
1.7153194
-0.509895325
1.12848091
1.27983701
-0.155091062
0.304339379
-0.039457269
0.0484569892
-0.0494844802
2.14114642
1.94329524
-0.180470273
-1.77355063
0.254351765
0.298583299
0.00522374827
-0.523843169
0.0899218172
0.0623326972
0.0197942872
0.149344265
0.587720275
0.764862061
0.264804393
0.335006505
0.387241155
-1.92193902
0.328108549
-0.962708712
-0.41082108
-0.599042833
0.259232491
-5.34983444
0.32296744
-1.49358177
0.949780166
-5.20825052
-3.02364016
1.3639729
0.708248615
-0.716845334
0.142700523
-0.50051415
5.00184059
-0.798078895
-0.622611344
-0.463576883
0.490710407
-1.2817018
0.338892728
-4.20335484
-0.955633342
-2.54712009
1.64092195
5.07899857
-2.77611041
3.39681911
-1.69044304
1.47539473
1.48386252
2.94819069
-0.744117916
-5.73464394
2.25397158
-4.87543106
1.13072848
-0.251853347
0.223935768
-0.469428301
0.493081987
-0.420455188
-0.297362983
-0.649946749
0.722382605
0.540278137
0.691336811
3.17810225
-1.87593675
2.54038143
-0.404286176
4.16242981
-1.29872167
-5.05946112
4.73562098
-2.02182627
-3.92513847
1.20383799
0.356869191
-2.11262894
-3.6843729
-4.14501047
2.04725051
0.188193843
0.133217111
-0.0255586803
0.0171720348
0.0951126888
0.0255719125
0.00425248314
0.0635854527
0.0152547285
0.0625415891
0.106904201
0.0700423643
4.77825212
3.62822485
3.74660778
5.17408943
-6.29070711
4.9585886
4.10929108
4.88388491
-8.34464169
5.06590033
4.12542009
-4.55187845
-0.769191206
0.429267585
-1.1958791
-0.639432967
1.44727004
-0.484010696
-2.72700024
0.516859591
-0.644742668
-0.672253251
0.605774403
0.782982767
-0.0937658846
-1.43158209
-0.0280778538
0.0220760126
0.0627091229
0.0650221258
0.586274087
0.239150599
0.173358545
0.308636069
0.343652159
0.102237165
-0.203633294
-0.103186391
-0.233117566
-0.233216375
1.75861824
0.634580851
2.92844367
-0.205145404
1.23806274
0.52809
0.860800564
3.32721114
0.743667483
-2.08019495
2.56072474
-0.10295967
1.0585072
-3.82855415
-2.67106009
2.31295729
-0.210949838
0.747827351
2.77920651
-1.26709843
2.14312482
-3.04735398
-0.846602082
-3.8407104
-5.74223518
-0.42364943
0.234942064
-1.00727725
0.0891676769
-0.352631211
-1.37230468
-0.646236181
-1.28211558
0.0788716525
-0.442602098
-0.853948832
-0.879271209
0.0238800924
0.725388944
-0.0796438828
0.529283881
0.850981355
-0.307594061
1.17252946
0.508645058
1.45296824
-0.296444237
-0.0726243183
2.61066675
2.09890556
0.359444976
-3.04582906
0.33163029
-2.08733535
0.730038345
-1.09907746
-0.593371809
-2.1149447
-1.91850686
0.281788915
-0.228400335
-3.11272049
-2.72096562
-3.23517871
-2.36320186
-0.167586252
-1.21069217
-0.718469262
-0.607564151
-1.61452663
-0.444665283
0.712060869
-2.25069642
-1.27287114
-1.62951195
-1.51353514
-1.7140367
1.26246405
-0.711750269
-1.45300961
0.119986162
-0.221751064
-0.335282892
0.248997986
-0.649971783
-2.95740342
-0.376882136
-0.408966869
-0.220666513
-0.785556316
-0.261743098
0.23130396
0.12559025
0.515622795
-0.227713242
0.17608358
0.194126606
0.144242257
0.195178315
-0.034064088
0.00957303029
-0.450900197
0.276115239
0.108438045
0.10062144
0.231300473
1.0864296
0.380886048
0.0985093191
0.0611644387
0.0332348645
-0.158384204
-0.0656820014
0.069362849
0.00965671055
0.0177124906
-1.22429681
0.28426227
1.94981253
-17.8044548
2.99310613
0.69391793
-0.122697555
1.47653377
-0.494592249
1.81380451
-0.673868954
-1.75990343
0.693369985
0.457088441
0.298397213
0.339079887
0.273148239
0.347328216
0.340674162
0.262968481
0.177131742
0.0459695458
-0.520614028
-0.448791742
0.0866327435
-0.177618161
0.352182716
0.39364782
0.251610786
-0.176010862
0.307639182
0.343851835
0.261408389
0.132594556
0.311486125
0.375216872
0.22885634
0.524646163
0.57531774
-0.0475032814
2.50553584
-0.683247626
3.39674807
9.99954319
0.688438237
-2.1495862
-1.47330141
0.995217681
-0.68841356
-0.310206175
0.921253264
0.275761873
0.962967277
-1.22979391
-2.35377288
1.3669703
-0.814370692
-0.94185251
1.63565123
-0.26955533
-1.36738753
-0.431091487
2.10713649
-0.959953189
2.13773847
1.0142504
0.16311866
0.5847767
1.03787112
1.01534581
0.761453211
1.57514536
1.01627994
0.616431832
1.20813143
0.515275717
1.31474221
-0.0761598945
-1.1791712
1.08046401
0.0358448848
-0.346356899
-5.44816732
1.00480962
-2.1752944
0.215987831
-6.3583765
1.08264947
-0.168425664
-8.07598114
-0.40254274
0.236092702
0.145401388
0.184896275
0.213136718
0.373231381
0.63580209
0.269491345
0.150627598
0.0690019652
0.0961488485
-0.282912552
-0.963782609
-0.0944574475
0.898717105
0.537187159
-0.644666016
-0.318286091
-0.387748092
-0.543351173
-0.206069231
0.0601265095
1.04713416
0.54800576
1.118011
0.776921868
0.191779301
0.53271389
0.267998457
0.314075857
0.309841365
0.331730306
0.287890792
0.396430343
0.245905131
0.237533584
0.179580882
0.12565285
-0.348933846
-1.64723337
0.379486442
0.38062346
-0.178470314
0.0589497946
0.0997033268
-0.0208006054
0.195034444
-0.168782994
0.312017292
-1.2206676
0.738142967
-0.43565467
-0.691703618
-0.977099121
16.2868652
0.566889644
0.373232901
-0.292481601
-0.576972246
-0.503818035
-0.576752067
-1.76132727
-0.39026612
-0.471580327
0.375568658
-0.93027246
0.0727319866
1.57213581
-0.483466089
-1.0887475
-1.51211095
2.77898049
-1.32885444
0.417877764
-0.0412557051
0.372329682
0.228243947
1.51298285
-0.579341114
-0.151315928
0.517367601
-0.414420187
-0.317126274
1.72945297
0.28838411
-2.1226542
2.44274902
1.78483808
-0.834123194
-3.59814143
-2.76101232
4.80910158
-0.642572582
0.276721328
-1.26516116
-2.41622925
0.0770947859
-4.68774176
-1.1858573
-1.01289439
-2.04918742
-2.61800575
-2.52268386
-0.039712131
-2.00250101
0.00850946177
0.0878910497
0.0590568893
0.46472162
0.68963027
0.144532949
0.037704315
0.0484321602
-0.141308084
-0.0146557391
0.0122522134
-0.186667114
0.00250185793
0.00699943723
-0.0973072499
0.127029359
-0.211820737
-0.333284646
-0.273123711
-0.229926929
-0.0742731839
-0.162334919
-0.0171233155
0.171966627
0.333279938
1.47295702
2.24117255
2.89668393
-1.8912251
2.45291042
-0.142203271
-0.975687444
1.02755177
0.0917930678
1.68903565
-0.93549186
0.610289216
3.80631185
-2.03196836
-0.160685241
0.0694331676
0.0129883774
0.238161668
-0.149917692
-0.108027279
-0.182524621
0.195612475
0.10109552
0.371800542
0.541468143
4.31948423
0.550572813
-4.9139142
5.11115932
-0.486799061
3.89226866
-2.04801202
-0.573603868
-0.712938666
1.30437958
1.74331725
2.29230285
-0.852849424
-2.2611649
-3.20162964
-3.38430548
-3.92784238
-4.17336988
-0.95255506
1.9282819
-2.90982652
-4.37013245
-5.18684387
1.46663129
3.86472011
5.69182396
-5.63543701
-1.73233187
-5.30766296
-3.11958456
0.314326346
-3.35332584
-3.15317631
-1.44678819
0.799223363
-0.240514949
-3.36681175
-4.32699156
-1.8417958
-2.9448483
-0.808916867
0.803051412
-0.0418382846
-0.857568443
-1.14215481
-0.742075086
0.319028318
0.27028349
0.540945292
0.898560643
0.221287251
0.809541583
-0.491075814
-0.11254736
-0.0209341738
0.32284838
-0.370275795
-0.27864784
-0.296629727
2.28977418
0.850585997
-0.305302441
0.778382838
1.27604663
1.49382174
3.77363133
-0.164425954
0.407079607
0.0907694474
-0.134949312
-0.00729555357
0.198342726
0.166176647
0.252341866
0.312191665
0.138415694
0.0600496009
-0.0242458023
0.000432958885
0.081766054
-2.14371681
-0.279138207
2.28415942
-1.07700288
-1.9599973
-0.651319206
-1.59395945
0.384842366
-0.860792816
-1.3277328
-0.448899686
-0.436779559
-0.394371182
2.25443316
1.11447597
-0.595324278
0.478873402
-0.560890973
-0.534978926
0.112741351
-0.19636099
0.806025743
-0.0955739617
1.53051698
-0.432169348
1.15097523
-0.749869168
-0.692236304
1.62117696
0.467159212
-0.640290141
-1.88797224
-0.125200778
-0.310511708
-3.08129978
-2.4154222
1.37442231
0.374270946
-0.912782669
-0.690990269
-0.920201361
0.176210463
0.957039535
-0.217990637
-0.935273647
-1.04020894
-0.683613122
-2.057019
-0.525184572
-0.879689813
-0.507116377
-0.703873098
1.77087581
1.00433433
0.463851929
1.02070963
1.0143218
1.25130558
0.392421305
0.20456253
1.05993521
0.483208477
0.848374724
0.0610343926
0.56754601
-3.51381731
-7.9858408
-4.6794405
-7.26647043
2.53428245
-5.02334833
-3.81997466
-8.65618229
6.4115119
-8.99435139
-5.29747105
4.13192177
-1.66986918
0.0178245343
0.0655807927
0.0237221923
0.0477337576
0.236036211
0.0357865691
0.0193692036
0.324912101
0.352070004
0.150184065
0.0489746854
0.0401674956
0.016374046
-1.65365064
-1.06142163
-0.965413928
-1.47570097
-0.762830257
-0.85104847
-0.797954202
1.00478029
-1.78670919
-1.5206151
-1.75592542
-1.28477061
-1.36138034
0.183940992
0.132843345
0.383671999
0.0450380594
0.0537726358
0.0375701562
0.00705308001
0.048144687
0.164492086
0.213372216
0.0889785588
0.439601779
0.245448992
-0.318218231
-7.92653036
2.972893
1.47816634
-2.31175995
-0.318319112
-4.3807292
-0.130286932
0.860870719
0.925162971
-0.6198439
-1.38239849
1.5102452
-0.23831147
-0.24573718
0.157008901
0.106640637
0.248738378
0.23230733
0.50960803
0.239342242
0.367996931
-0.0702061281
-0.100043125
-1.07183015
-0.0120883174
-0.0573862195
0.0276507642
0.0683601126
-0.0457914844
-0.464094132
-0.155735597
-0.0161591545
0.00291315769
0.109105699
-0.0202141292
-0.00514874235
-0.0417312458
0.0158971846
-0.718461692
-4.58386803
3.41380024
0.173354313
-3.98417497
3.35937095
-2.44349122
3.13985825
-4.84184933
3.64263964
4.66847897
5.21638155
1.69141436
0.213109329
0.271113098
0.126687244
0.19425644
-0.094789952
-1.06173277
-0.188820437
0.0534749776
0.158379257
0.241181538
0.322384864
0.301540524
0.451776952
-0.110535786
0.0322865359
0.103116922
0.129164681
0.112035245
0.514466345
1.94033337
0.757339835
0.124330707
0.0516565926
-0.00794168282
-0.414890766
-0.272908986
0.061706759
0.0316566341
-0.750395715
0.0926620439
0.219097137
0.258561701
0.284166962
0.2281636
0.302235425
0.198567212
0.249293923
0.169774354
0.220270425
-0.057624612
-3.33621931
-1.68718231
3.68130755
-2.95478511
1.3074739
-3.23703623
0.795504212
-3.89254951
-3.83037734
1.3394134
0.107201271
1.09932995
0.204838559
0.353589058
23.078743
1.01023686
1.38785005
1.9642477
2.83597994
1.04814088
1.27250373
1.19240546
0.997745156
1.40933883
2.45896864
-1.08806551
0.274381071
0.0673090518
0.177352816
1.32344663
-0.00599256111
0.216673508
0.734435856
-0.714258313
2.55899501
-1.04370582
0.33925572
-1.23218524
1.2046144
-0.141112924
-0.280175507
-0.375805229
-0.322442532
-0.504283369
-0.336607009
-0.380268574
-0.38062492
-0.456456929
-0.184845299
-0.260115564
-0.0933033228
-0.337817311
-0.0829881504
0.356437176
-0.293651998
0.139618427
0.177412674
0.229979619
-0.0828779861
-0.121627502
0.11685086
-0.185096532
0.370276868
0.0979631841
0.364817917
0.118837334
0.149312809
-0.347944915
-0.879778206
-0.0113889556
0.139185578
-0.0296216104
0.507621646
0.632701457
0.758290768
0.163284183
0.575132191
0.132480875
0.188788012
0.00554075185
0.0218520351
-0.0574886352
0.0415062271
0.191557243
0.055167526
0.323328406
0.199348062
2.74924779
0.261599004
0.323633224
0.149244934
0.501818001
0.338041931
0.615083218
0.260887653
0.00927816238
0.318576217
0.18536593
0.214547306
0.345178545
0.30622682
0.475694746
0.362388939
-0.318505645
0.0506223403
-0.0606847331
0.578754127
0.121589072
-0.170713648
-0.0136846937
0.110443801
-0.878009677
-0.0418700166
0.127591163
0.175622404
0.232809693
-0.718757033
-1.02843463
0.899418414
-1.14319777
-0.818905711
-0.727739275
0.147528335
-0.583194077
-1.03097665
-0.224007651
-1.77147949
-1.64814878
-0.914264023
-3.41557384
1.56245124
-5.13392687
-4.85738182
3.48101759
0.0530514568
-2.88914084
0.953102469
0.818637609
-1.52213168
-4.03096056
2.9215157
-0.393616438
-0.702404976
-0.587415993
0.696365118
0.321749896
1.25833285
-2.34113288
-0.544433415
0.745488286
1.76182568
0.679718435
0.422113925
-0.872786403
-1.3945421
0.0125693139
-0.31126377
-0.210805759
-0.0219128057
-0.124832846
-0.305623531
0.00944300462
1.18307877
0.185837224
-0.00853699073
0.250905693
-0.0189733468
-0.0466554724
-0.511879742
-0.0889493078
-1.21525443
-2.1389699
0.782184184
0.358011633
-0.961486638
-0.730261445
-2.56691146
-1.41170311
-0.974877417
1.60227561
2.09891868
0.729109943
-0.254652709
-0.812416971
1.19366252
-0.673038661
0.23434566
-1.02852547
-0.345933855
0.853891969
-0.713491499
0.720804513
-1.11812019
0.348487258
0.141206101
0.299360543
0.160674974
0.0736642033
-0.0287367478
-0.0244319681
0.0772729963
-0.020713158
0.0377282649
-0.263120621
0.0848390236
0.11918655
0.340984702
-0.255349964
-0.199907705
-0.966475189
-1.33415186
0.883210421
-1.04536498
-2.42514896
-2.23108244
0.844111443
-1.66920447
1.61828399
0.468692392
-0.0753623694
1.00153267
0.981326044
0.496597677
0.308225691
-0.18495971
-0.236319363
-0.450392306
0.0111512858
-0.130352542
-0.32139504
-0.0407234803
0.421981066
0.490577698
3.01670766
-0.385255784
0.428029388
1.30041373
-1.47192919
4.84786654
1.85409868
0.974974334
3.73860526
-0.895777166
5.37141085
-1.24675393
5.00651932
0.0998714492
0.177334651
0.0927447155
0.0367292836
0.00735631771
0.0426010825
0.148900568
-0.0214343853
0.0135666076
-0.0266977418
-0.0193887241
0.0446255952
0.235530674
-0.897098124
0.330989808
0.723766267
1.30536628
0.435018629
0.615760505
-2.04867697
0.758200407
-0.542913914
-0.766736507
-1.58173382
-2.34316301
1.25224257
-1.67854285
1.27082133
1.79466367
-1.75265718
-3.65094399
-2.19999194
1.75813782
1.50002992
3.22069001
-0.67943418
-0.00301144435
-1.96636295
3.29274297
0.32747981
-0.55220598
0.468097061
-1.33872664
-0.682669878
-0.645582438
0.477477223
0.279426426
3.09443712
-2.16751575
0.767394125
0.952635825
2.90926623
-0.487689167
0.134789661
0.18920292
-0.143046185
0.372118026
-0.22219488
0.393948674
0.462237537
0.856895626
0.215749219
0.0940798223
-0.119447775
0.0721579418
0.770703316
-0.834830225
-2.30980968
-1.22687435
1.44665968
2.51687646
-2.17831898
-0.710831046
0.154749036
-1.47472537
-0.259657741
0.940782666
-1.57617188
0.838928819
-0.154409423
-1.13275743
1.88008988
-0.64050591
2.87119579
-0.632419705
-0.655688405
5.89388227
-1.61938155
2.25195146
-1.68841195
-1.75528693
-0.347163558
0.631231666
-0.0282452237
-0.0783304125
-0.561630249
0.983137667
-1.02398276
2.70176911
2.11207724
-1.36908567
0.899150133
-0.157870471
1.65594995
-3.11319757
0.283242911
0.0114707211
0.378425956
-5.72144938
-1.62062764
0.557417035
0.561473787
1.00294352
-0.722738683
-2.73912668
0.808419108
-0.896968007
1.80011046
0.0979473814
-0.859589338
-0.0635543764
-0.0456505939
-0.484515548
-0.461863518
0.440982908
-1.19093144
0.162576139
-0.754021466
0.892506063
-1.81247079
-0.2429813
-0.269703269
-0.515415668
-0.311208516
0.66760689
-0.831405878
-1.68411469
0.388394713
-0.860894561
-0.825738013
-0.241040155
3.7323482
0.60470438
0.125438869
0.142597541
0.368701398
0.264143735
0.0786514729
0.0975916907
0.0196054578
-0.192579105
-0.166677296
0.35307166
0.251971006
0.596183181
0.166591927
1.07426476
0.668258131
-2.61813474
1.66702688
0.272939563
2.09008741
3.03863597
1.39329958
-2.4077251
1.23379087
-1.87936413
-1.36002159
-0.523737669
4.80213213
-2.01515007
3.37044644
-1.57972109
1.32085681
0.125520468
-0.440088868
-0.576239407
-3.21638656
5.52849817
-1.46802282
-2.61027193
1.53486276
1.35567594
-0.148722917
1.98207819
-2.1558001
3.21401596
-2.33557296
1.26828432
-1.10955501
-1.96913266
1.67416787
-4.08279753
5.31410313
-1.60538054
-0.475858867
-0.422409236
-0.252924055
-0.935364127
-3.27818775
1.33608556
-1.16451001
1.14966846
-2.26654029
-0.285689324
-0.631112397
-1.18245304
0.432915986
0.299391448
0.434707224
0.213242039
0.0771942958
-0.0922642052
-0.0554726124
-0.0308418013
-0.15578945
-0.161629826
-0.153557464
0.0721479282
-0.171278238
0.280756325
-0.10061615
0.0332877785
-0.209769472
-0.120688125
0.0454776622
0.156938389
0.0905712619
0.206658497
0.352885872
0.865084469
0.0414639972
0.0958988667
0.0507921614
0.0328678228
0.116464421
0.143562987
0.0624656975
-0.70116657
-0.305321097
-0.0285800863
0.048392266
0.113412932
0.003968779
0.014313559
0.00905156415
0.0424975716
-0.0410463549
0.104079574
0.319625735
0.0655713081
-0.00909753796
0.00422029337
0.0502389967
-0.116655454
-0.653452694
-0.122629665
-0.00520816864
0.0687128752
0.125013694
-1.48129225
-1.49108577
-0.519478858
-0.384994984
-1.67005229
-0.667399466
-0.771690607
0.345409364
-0.491678268
-1.16556787
0.482220948
-1.12443161
-0.909265339
0.0907745436
0.154186457
-0.115320936
0.423447818
0.480468243
0.256510019
0.0381964892
0.0387855694
0.225137085
-0.322508514
0.13139689
0.417573184
0.567639232
1.90908718
0.525258064
-0.216435358
0.288550615
-0.162135378
-0.508152843
-0.745287299
-0.130213797
0.11148487
-0.363199025
0.158940941
1.34914231
0.651245058
-0.392298937
-0.0288645178
-0.4720366
0.361244678
-0.0632616505
-0.383301675
1.12965226
0.587280154
1.18336356
1.22252619
-0.389788061
1.36072993
3.62876821
0.397050858
0.253676206
0.214044794
-0.239010856
-0.662145257
-0.45109126
-0.0884205028
0.466157496
1.00583482
0.465150923
0.456086367
0.820730686
-0.060539335
0.294889808
0.533436239
0.386506051
-0.0341255106
0.511319697
0.674130857
1.43172359
1.07066727
1.40885735
1.07867396
0.425556064
-0.874177158
0.0342893228
-0.0951292291
0.863042235
-1.14888549
-2.1123631
2.78243113
0.549988151
-1.61715698
-0.0656010807
-3.66019487
1.29820561
1.38641536
0.0114573408
0.609713435
-0.871745348
-1.52591062
-3.34650159
1.25886774
-1.07796729
-0.948583186
-1.54184067
-1.52115262
0.307652861
-0.607436061
-1.11493003
0.738718867
-1.52581179
-0.636941016
1.2311964
1.04924452
-1.04349113
3.63366795
-0.693423271
1.51395619
0.893585265
1.0064311
1.21361029
0.902059317
2.80140972
0.269860089
0.670230389
0.468928128
0.571045995
0.380254924
0.489026934
0.552181423
0.493186831
0.345630437
0.368663222
0.420897126
0.417205781
0.639103055
0.42531243
-1.0179882
-1.65383613
-0.330007493
-0.714653194
-1.81615651
-1.33896136
-2.28963017
0.207307383
-2.68034267
-3.10428309
0.147793919
-0.805746794
1.26277065
0.129114866
0.100119345
0.103414737
0.00671185646
-0.111972265
-0.160824269
-0.0671626255
0.148581252
0.130478829
0.117016643
0.105685003
0.0354368649
0.0691359863
-0.2552692
0.523743451
-3.68047595
-0.866860092
-1.75629795
1.07387781
0.230765343
-0.78388685
0.330748826
-1.89107823
0.925484598
-0.825097442
-0.802441478
0.201618537
0.538896859
0.112920955
-0.017504558
-0.13520366
-0.0502583496
-0.106735274
-0.121522225
0.279994577
-0.202558205
0.299413323
-0.228971869
0.552658379
0.0348118506
-0.257470787
-2.55236435
1.67731678
-0.979613602
-1.25843453
-1.41892219
-1.24698877
1.37671041
3.04701948
-2.01525879
-2.01982927
0.0632773042
-0.709895611
-0.466231287
-0.419567794
-0.599472582
-0.794203758
-0.376213521
-0.749621928
-0.44757551
-0.0932665467
-0.207844093
-0.380639374
-0.496522158
-0.21064344
-0.428703666
0.0260996073
0.206203684
0.256067693
0.322818547
0.254971713
0.286252379
0.0390384234
0.148316011
0.201096967
0.2380061
0.25040558
0.309505284
0.0702306852
0.0556305312
-0.392323524
0.000456671347
0.153786793
0.154929772
0.183538392
0.0817690194
0.31554234
0.185233161
0.158558086
-0.00583370402
0.0572376251
-3.32754278
-0.984719813
-0.608424962
-0.0678827539
-0.854478598
0.919168591
-0.601534605
0.174708083
1.46182823
-3.24308538
-1.33554828
-1.87091577
-1.01869953
0.214917839
-0.26194945
0.672334492
0.49215287
1.20716572
0.182229549
0.0802459344
2.17026114
-0.463053077
-3.13796997
0.0637740195
-0.0904492587
1.68562293
0.31027025
1.03480589
1.40910232
1.38768649
0.351130426
0.58534652
0.349816263
0.178264499
0.0729797557
-0.978944302
-0.473456681
0.281655163
-0.150036305
-0.426132292
-0.0614032112
0.246288434
0.154552311
0.255587161
-0.124516539
-0.152319208
-0.0286923386
-0.907442212
-0.391818851
0.0969372541
0.120815262
-0.371469587
-0.481500804
-0.126992628
-0.232697502
-0.102413923
0.360343158
0.192893282
0.0287442636
0.379281998
0.98844105
-0.185533464
-0.136663884
0.149114564
-1.29161215
-0.0787890181
-0.0310927704
-0.0762794241
-0.0789745823
0.0187889915
0.117425188
0.135561243
0.12523444
0.452332944
0.295174062
0.122914575
0.0659053698
0.0547021441
1.54635727
-1.8222717
-1.59862006
1.74053764
-2.53232288
-0.974237442
-0.21986568
-0.680051982
-4.69752932
-0.106844418
-2.97101498
-1.08411181
2.14548612
-0.544728398
-1.21221888
1.38533688
-1.58091962
-1.31346047
-2.01125407
-0.551595747
-1.07478476
-1.18206143
-1.35489833
1.36356997
-1.85383821
-1.91616118
-2.38755822
-1.18391502
2.93574166
-1.24004364
-1.47224975
0.944159508
-3.42192316
0.232170686
-0.191262677
-1.04277158
-1.00024498
3.93114495
-1.88088143
0.049508784
0.166710466
0.100065812
0.141448587
0.143813863
0.1768208
0.306612164
0.012706331
0.0429399312
-0.0382544175
-0.0151080303
0.0271189827
0.207361653
-0.101894341
0.123086207
0.16615954
0.224267751
0.23227334
0.190104961
0.14651756
0.163161904
0.160451114
0.23102738
0.2415784
0.202092335
0.143079892
1.5240345
0.36285162
1.46441293
0.153065771
0.470651478
1.32165837
-0.55606252
0.333080322
0.196724832
-0.859469295
0.908243954
1.06585038
2.81885886
1.71664429
-1.45704794
0.532352626
-0.487423718
-2.37609458
2.01378918
-1.69550598
0.991048276
1.25684488
-0.0586014017
0.989553332
1.15411901
-2.58707023
-9.97129726
-9.09907818
0.977799714
-7.70783901
4.14872646
-8.44939804
-9.83613873
-9.49355412
4.91003895
-8.84107685
5.4643178
-4.41267776
-4.05964184
-0.639359593
-0.88059783
1.30944884
-3.86707473
-1.14781189
1.27083874
2.46501517
2.55490971
1.75331736
1.33377266
2.21850371
-2.42725205
0.327590197
0.020478528
0.0145065673
-0.0827662274
-0.0546001606
-0.0862981677
0.136411265
0.0853765011
-0.0120461406
0.144444495
0.134572774
0.0180500802
0.0388473384
1.03538179
-0.947754383
-0.0968008935
1.01406193
0.953180373
0.155913919
-0.39577508
0.290559918
0.920579731
-0.391997188
0.61253953
1.41447508
-0.138018206
1.2727381
-0.858343542
0.569691062
0.621189177
0.77717495
-0.460123062
-0.243418679
-0.00755122863
-0.136587963
-0.148795336
0.362937719
-0.166533753
0.353935182
0.799948573
-0.28730005
-0.102044016
0.133346289
0.239260063
0.188466802
0.308000147
-0.0249748621
-0.0542855784
-0.0968872681
-0.114909068
0.0628209636
0.140907779
0.757032275
1.07149386
0.627533317
-0.0945081934
0.30140692
-0.229620934
0.431694418
-1.24463928
-0.255975723
-0.599742293
-0.439004332
0.625438809
-0.358405024
1.02600181
0.0707560033
0.842409909
0.60096544
1.0034368
3.98509979
0.293569416
0.520338893
17.7027168
-0.172379628
0.477983564
1.89327192
1.4259429
2.1376555
-0.195036203
-0.718184412
-0.583454967
-1.18292511
-0.146743611
0.376969665
0.608621836
0.102670848
0.528773248
2.02800274
0.646553993
0.662766397
0.194501638
-2.02748775
0.348403811
-1.0842787
-0.228640705
0.701910973
0.858147204
1.45902181
0.738158524
1.3605026
1.42064011
0.414934844
1.05157018
0.673862278
0.185568631
-0.0171614569
-0.124525234
-0.117530897
-0.0569979288
0.0717703775
0.146394283
0.112528652
0.195154116
0.266618282
0.163228765
0.104330197
-0.0350711383
3.37951016
-3.6883707
2.84105754
-5.21463823
7.58251572
-1.95818865
5.03309965
-6.55668592
10.4653931
-8.27936554
4.82484961
-0.713222027
2.79460502
-1.00561702
-1.02303743
-0.127056807
-0.875175655
4.49047613
2.79668498
1.01439321
-0.437316895
-0.567367673
0.105050176
0.280924439
0.348763764
3.27105379
-0.637783349
-0.355897397
-0.419076502
-0.706951857
0.0489074662
-0.694785178
7.36099958
-0.494579166
-1.23312581
0.0492330007
-0.517429829
-0.221278727
-0.205346063
1.29407585
-0.129981205
1.25845766
6.27776384
2.41450667
0.266346246
0.507715166
-0.686149478
2.45685172
5.21471786
-1.07989728
-2.23064542
0.990332365
0.0803431198
-0.0303212237
0.0607266985
0.361099124
0.265611768
0.117779315
0.0339056328
0.10063234
0.0917742923
0.178208515
0.357052475
0.341117501
0.190890431
-0.429703563
1.49983585
1.66263115
1.27660143
2.1853826
-0.297240317
-0.158035979
-0.0391470827
0.868794441
1.59521174
0.704685628
1.4216547
-4.54565811
0.0648166984
0.0748177171
-0.0352599174
-0.209298417
-0.903774202
-1.1778698
-0.591709852
-0.439754397
1.37485552
0.421496898
0.138766944
0.0977600664
-0.72110486
-0.0790346339
0.243158832
0.0707098991
-0.0264033154
-0.146835729
0.131996021
0.205779552
0.243149728
0.767807901
0.412594587
0.170259476
-0.204196736
0.0984551385
0.624370337
0.803910494
0.786315024
-0.40378356
-0.655533075
-0.637482464
-5.18287897
-0.0132500809
1.31765902
-0.690008283
1.6151247
0.690086842
1.4566741
0.101268008
0.40914911
0.12543878
0.0863690749
0.198695123
0.108259872
-0.258964986
-1.01807141
-0.00114284805
0.114386395
-0.0166659784
0.0585264415
0.191628903
-1.04586875
0.972083986
-6.08743525
-0.26597023
-0.659310937
-4.57785845
0.277306288
0.187265933
-0.28840965
-4.87899733
-0.512574315
0.287256569
-12.3861647
-0.0858161822
-0.0976128355
-0.707473993
-0.297934026
-0.23566176
-0.424034923
-0.691274703
-1.28865504
0.038588237
-1.00482655
1.11603642
1.42546463
0.0180502795
-3.30315208
4.12202835
-4.63170004
-5.41889334
-5.47848558
-1.44290245
0.989137232
-6.61472321
0.939645648
-5.58317375
-7.13142538
1.60250485
-4.36688948
-0.0821300596
-0.0269302465
0.0730177984
0.139559746
0.556516886
0.181665331
0.125168934
0.485114574
-0.0358204357
0.185523123
-0.14309369
-0.278261632
0.0933726504
-0.642898738
0.87885958
0.340527177
-0.292309076
0.158240974
19.3249226
-1.39873004
-0.279165298
-0.314259619
-0.714325845
-0.608568013
-1.79326868
-1.33871698
0.0841329098
0.0963233858
-0.151878104
-0.17502515
-0.0839177668
-0.0774808675
-0.0063627488
0.357590348
0.0675484315
0.129101947
-0.201041922
-0.261967182
0.214698985
-1.58781099
0.46946007
-0.248825461
0.932442367
0.486075461
-0.00306070969
0.3143996
0.22857298
0.553070128
1.01228893
1.47088253
1.40024436
0.994390726
0.447094172
1.31079817
0.923049927
2.23265862
0.386350095
1.88126004
0.817145109
0.877202153
1.84497702
1.76978707
0.208952338
0.922203481
0.821142912
2.82945299
-7.0142312
-0.618268013
3.28645754
2.80952978
-0.356557727
1.44304347
-3.0988605
4.21499014
0.940479457
1.62937319
3.75009346
0.124896996
-0.733180285
-0.0035212792
0.810643315
0.128517523
-0.252359062
0.201493785
-0.197601542
0.177451998
0.402893066
0.0697691143
-0.357251912
0.232026726
-0.974250674
0.0542664602
0.13195169
-0.125966683
-0.167999104
0.141218305
0.203456223
0.199886158
0.197572932
0.237683505
0.167309597
0.114144318
0.0384909697
0.20332095
-0.886957288
3.13564968
-2.33590102
-1.35020304
-0.764317036
0.441775888
-1.82082999
-1.33012331
-1.44580185
3.73189402
-1.20157218
4.63533831
0.540571988
-2.94509125
-0.223890096
-0.704313874
-0.207940027
-0.282909274
0.01003116
0.208538517
0.0121008679
-0.738948882
0.246647269
0.0356245823
0.144112661
0.329039276
0.0138575602
-0.194815457
0.0191666968
0.0411710367
0.0664178953
0.169616535
0.0794052035
0.162610143
0.351051658
0.138753235
-0.0113512743
-0.0234149732
-0.289117783
1.21105921
-1.25794733
0.700624943
-0.963584602
0.461033851
-1.88182151
0.642768383
-8.14022636
0.120929897
-0.214797601
-0.113441497
0.0290071163
1.9625653
0.653187335
-0.363262802
0.173472002
0.645897567
0.252125204
-0.325133622
-0.0471731126
0.194743931
1.81483316
0.389725626
-1.66300976
-1.80594873
-2.3146317
0.424218208
-0.00131285598
0.166491091
0.325452536
0.548661709
0.125669494
0.429924071
2.74974537
0.568603158
0.230798885
0.509111404
0.0140792001
0.305060804
-0.24858588
-0.740131736
-0.0604215749
0.200418279
-0.82351619
0.0691992193
0.222067162
0.560850143
-0.691496432
-0.363486767
0.354117811
0.306905866
-0.0362614207
0.174090803
0.331908435
0.26215592
0.312620431
0.0957910269
0.0385934524
0.230014831
0.0391156897
-0.113216534
0.325146466
0.525425494
0.461792588
1.54801106
-2.19383669
0.778431594
-3.96117115
-0.812256396
1.77098536
-1.13836789
-2.43119526
-0.636934817
-3.89081573
-0.443668872
-2.60864472
0.340385854
-3.68202257
1.4460448
-1.23934805
-2.45737171
1.26339412
0.656334698
1.19107151
0.60006541
1.17971265
1.27266288
1.03476131
1.83395195
0.587123752
-1.10241699
0.381452918
0.33769998
0.545727074
0.529022515
0.563301325
0.715693295
0.617298186
0.529784739
0.45310235
0.281514019
0.220656797
0.130714282
0.320881069
-0.213364735
-1.46794057
-0.343303889
0.0542838909
0.507136285
-1.29720366
0.74400115
-0.484524995
0.791273236
0.852428079
1.69052804
-0.23842518
1.72865832
-0.0830564499
-0.0257567819
-0.0972242132
-0.0162103809
0.153778046
0.401168495
0.295968115
0.104273178
0.0687137768
-0.0181203
-0.109703936
0.0812281221
0.106093481
-1.37903655
1.35562861
-0.477848262
-1.56854045
-1.15918612
2.97158194
-0.250600576
-1.88308358
-3.01752329
-1.09989929
3.50471878
-0.31877023
0.287629932
-0.0135797141
-1.17374432
-0.654667675
0.182823673
0.305405319
0.0208030157
0.785029292
1.18973851
-0.106580466
1.57499838
0.269257188
1.07788944
0.337270498
1.41198385
1.07706749
1.30977595
1.24791455
1.10197115
1.28377247
1.1415329
1.11579835
1.12002182
1.06876945
1.0890851
0.841449678
0.863546729
-0.311537087
-0.368775159
0.690744758
-0.618759215
0.325689465
0.666606188
-0.748035192
-0.50996834
-0.08038982
-0.469665319
-0.991526961
-1.24999893
0.663419485
0.480689198
1.00214911
-0.639859498
-0.127860442
-0.244422764
0.87631613
-0.207584858
0.861498058
1.75215852
0.710202992
-0.254338264
-0.544400096
1.26515245
-1.23617244
1.22751546
0.562535703
-0.344300568
1.94943142
-0.490750045
-0.449590027
0.98472923
-1.37293351
-0.835773051
-1.49441206
0.434306711
-0.0678550974
0.683914483
0.606530607
0.0349532589
-0.0295899883
1.08744299
0.0579310656
4.84699488
0.197603017
-1.79443634
2.77955103
6.03430223
-0.612156093
-2.24906731
0.0903561115
0.505723536
0.642731965
0.115194328
0.104167849
-0.0508224368
-0.0822563991
-0.0918492153
0.373898387
0.151280642
0.131608948
0.568580449
0.629188418
-0.0134129729
-0.304439604
-0.00164339878
-0.299665183
0.964796543
-0.709067702
-0.00854264107
-0.328296721
0.556300104
0.0905106068
-0.789150715
5.18884563
-0.774360716
0.668957889
-1.42823887
1.39085531
6.86508512
-0.641734064
1.17665637
-0.0760110021
-0.126623765
-0.761116982
0.684475958
-0.748836756
-0.210303113
0.224345312
0.14405705
2.01362109
0.826409519
0.440842003
0.392663181
0.216124475
0.254001141
-0.00255726697
-0.175731122
-0.208378837
-0.613675117
-0.232904658
-0.0112740677
0.159689546
0.233010083
-0.0843786001
0.0744283423
-0.414983094
-0.815126777
-0.286184013
-0.0405439138
0.168774471
0.524065852
0.148869202
0.135764286
0.112928145
0.494040191
-0.726323068
-2.09835076
-0.328743458
-3.16204906
-0.422033131
1.85292757
-0.171705008
1.780568
0.240536898
-2.14185882
1.65940762
-1.68992102
-1.24067986
-0.482980043
0.438077092
0.716413975
1.04791939
1.28302491
1.06420028
0.521638453
0.683654368
0.0631432161
-1.32331204
0.0845847949
1.71365452
0.227773085
1.72666609
1.9745487
-1.39354908
-0.723859429
-1.12352693
1.83739924
1.12053072
-2.24025464
1.99135447
1.60484898
3.06444311
2.72577095
0.687119603
-0.541951418
-0.369661361
-0.705490887
0.765571535
0.701641917
0.199351206
-0.0107428897
-0.722252011
-0.514204323
-0.346556395
-1.51832163
-1.22827566
-0.0111348573
0.271684945
0.238666028
0.140794605
0.276973248
0.0784194544
0.0767120048
-0.0211378876
0.278034449
0.122270368
0.162544176
0.117326051
0.226240665
-0.0589063987
0.195722401
0.321259797
0.166940048
0.129078746
0.0714969113
-0.0355689712
0.00477075158
-0.152311489
-0.00556757906
-0.0193272308
0.188253298
0.291373879
0.105472997
2.47328877
-2.74053788
-3.01593971
-0.899433613
0.846695721
0.206428692
-1.95013499
-9.13868618
-1.72510576
3.53106332
-0.876559615
-1.07997823
-0.0903632641
-1.04540122
-0.188498199
-0.0786053687
-0.151057616
0.0691713616
0.206609175
0.313525438
0.153951988
-0.0884020627
0.00909600314
0.0971897021
-0.199691713
0.0484414585
-0.100909077
-0.165408686
0.672645926
0.0598607808
-0.275970697
-0.364899039
-0.334759057
0.359763771
-0.974743485
0.32034412
-1.34744334
-0.963873208
-0.356937855
-0.208040103
-0.418119788
-0.178929001
-1.11481225
1.38292217
1.11325812
-0.372860342
0.0789723173
-1.3174243
-0.625718534
0.263781428
-0.765909791
0.183208376
0.831883192
1.33548546
1.57846475
0.919080198
1.84717512
5.26704359
-0.0227813236
-0.321643084
1.15004432
0.646788955
-0.0850599259
2.36196923
0.125139594
0.514028609
0.26445204
0.0889054537
-0.0504239425
-0.071874015
0.00159075309
0.183662251
0.429006189
0.378324032
-0.0344916768
0.118734352
-0.271684855
2.57562518
1.72949052
-0.226754799
-0.0904751346
1.27987778
0.230889648
-1.69397175
-1.76634753
0.81310761
-2.16819525
3.16720247
-2.11874819
-0.0827153102
0.216036215
0.229577124
0.0861326456
0.0285311136
-0.0144444639
0.00604282506
-0.0497003682
0.164677784
0.116607375
0.0657903031
0.0114621744
0.0643399879
0.0399921536
-0.189076632
-0.247676685
-0.861233532
-0.317427993
1.88101006
0.994197965
1.81252789
0.442444563
-1.81188905
1.00484586
-0.419795394
0.783872902
-1.11541235
1.18545091
-0.170730084
-0.278118253
0.732361436
0.162340134
0.682570159
0.440194428
1.16031909
0.752420008
0.936337531
-0.0532340668
0.381533206
0.588871598
-0.149654537
-0.00496118981
0.195917055
0.199662328
0.0794778466
0.35346967
2.63480616
0.514488816
0.136434332
0.0460051596
-0.151131019
-0.418092459
-0.399736822
-0.255188853
-0.235881358
0.042637717
0.0720406547
0.340288937
0.133343562
-0.0861562267
-0.353730649
-0.211998135
-0.699180841
-0.333516181
-0.105233811
0.375437319
