0.238243133
0.567610085
-0.0311635435
0.6919927
0.155901775
0.57608515
0.521116078
0.220872402
0.265161783
0.284488529
0.409591645
0.488741308
0.235312015
-0.5823645
-0.486522466
-0.190042764
-0.19934459
0.225285783
0.517265022
0.480551869
-0.17264834
-0.362046033
-0.318017125
-0.561166644
-0.61662066
-0.433504581
0.129383281
0.333044142
0.254723489
0.540858448
0.0112859122
0.131702542
-0.119710274
0.335890472
0.0577105917
0.434524506
0.16418685
0.0682480335
0.168698698
-0.0360643193
0.0458780825
-0.0162129644
0.00329906424
0.0687231719
0.0484710075
-0.00478192139
0.185607001
0.163107589
-0.0720282421
0.0386172608
0.00487318542
0.0145312436
-0.183763385
-0.0131953424
0.110522829
-0.0140580367
0.176726505
-0.178433359
-0.312439799
0.234863773
0.320034087
-0.0585609376
-0.0797395632
-0.034407191
-0.228899673
0.460297942
0.565883279
0.790374279
0.522872806
0.518564165
0.249643147
0.526114404
0.222818032
0.268774658
0.722688794
0.657082379
0.401638538
0.337721586
0.611498356
0.550114512
0.372532666
0.501655936
0.506266534
0.880189121
0.300347179
0.666436017
0.7151016
0.711705863
0.549645722
0.829532444
0.601693928
-0.0878695846
-0.427449435
-0.222660691
-0.330912471
-0.251523107
0.0318925232
-0.364877164
-0.288256973
-0.205422401
-0.472631663
-0.407163531
-0.167717233
-0.0639426708
-0.359115988
-0.359457374
-0.593025029
-0.453087628
-0.466575533
-0.61049217
-0.510029495
-0.518533349
-0.392540723
-0.489133447
-0.594394803
-0.857280314
-0.31633541
-0.259235144
-0.152616829
-0.111347534
-0.0631712526
0.101064771
-0.0635890439
0.144779339
-0.423024744
-0.368404031
-0.103925772
0.24357526
-0.160235122
0.173801214
0.201637179
-0.0410840958
0.168689102
-0.0196271781
0.173269197
0.0288198832
0.126047656
-0.0922208652
-0.13717474
0.185637385
0.284252942
0.430699497
0.292951435
-0.133109346
-0.082641691
-0.312538207
0.0846528336
0.0596597679
-0.100779206
-0.262588561
-0.0260083918
0.031195445
-0.144347325
-0.216420069
-0.0661118925
-0.17174162
0.947234571
0.246899381
0.292316526
0.301013678
0.0900378302
0.257351607
0.5676682
0.714667201
0.376129568
0.159123421
0.189885408
0.291679382
0.407464474
0.281282157
0.412301272
-0.0365376361
0.521500051
0.386415958
0.468419194
0.10450995
0.555809975
0.431859523
0.291655689
0.194577664
0.206848755
0.0339819565
-0.401010722
-0.414183617
-0.424454123
-0.345907509
-0.234462649
-0.307651699
-0.439892709
-0.38373813
-0.320566863
-0.549685299
-0.445237845
-0.438284874
-0.429602176
-0.339526653
-0.31989181
-0.127272695
-0.158991292
0.0292194169
-0.192574069
-0.280205131
-0.0236409698
0.090122357
-0.245975345
0.00463801948
-0.243767589
-0.0102616111
0.244514033
0.511507988
0.0907542631
0.430204719
0.27728951
-0.0126505103
-0.222320259
-0.000826658681
0.155781448
0.25317803
0.23418358
0.435970187
-0.048165217
-0.346880078
-0.24002938
-0.318560392
-0.489045799
-0.39935708
-0.682765543
-0.534957886
-0.592962444
-0.618728876
-0.251300305
-0.407282114
-0.172026098
-0.42001909
0.237510279
0.152895376
0.0858844668
0.371392667
0.331672639
-0.00270972215
-0.260034502
0.214345813
0.11040625
0.0744111538
0.0394225903
0.286554247
0.0403368436
-0.0420784093
-0.276466697
-0.322085857
-0.117188044
-0.24958165
-0.140967026
-0.184204146
-0.102111645
-0.152882457
-0.165023729
-0.145561635
-0.172250569
-0.335570723
-0.568796694
-0.77131331
-0.847228765
-0.640078425
-0.684277594
-0.597588003
-0.764033437
-0.643984258
-0.658995688
-0.82323122
-0.928706408
-0.738404036
-0.944654882
-0.0126368217
-0.0830025896
0.0851960555
-0.0668012723
-0.0512220226
-0.0269917212
0.137649223
-0.072514832
-0.116705686
0.0193141811
-0.0325905457
-0.0754351467
0.0715844408
0.397266179
0.372948587
0.33363837
0.335059524
0.283337235
0.346373975
0.238385066
0.317310721
0.321998447
0.245711431
0.210619524
0.157226235
0.20775184
0.0844537318
-0.117654279
-0.241023615
0.279276311
0.0415694788
0.0375580117
-0.049854055
-0.317726642
-0.326623023
-0.172102094
-0.391290426
-0.115155384
-0.182362795
0.331447065
-0.0246734675
-0.0579974093
0.192940414
0.226100743
0.291070402
0.275753081
0.0817035586
0.053707663
0.266416907
0.178611666
0.0795602351
0.0892443955
-0.0282860231
-0.0357039198
0.171245411
-0.0328534916
-0.0207702015
0.100178145
0.337795347
-0.116263457
-0.10309533
0.104172558
0.0369736888
-0.0599875301
-0.0891869962
-0.583303273
-0.738058805
-1.15277946
-0.218526632
0.0390820727
1.29758251
1.48124409
2.73856401
2.77848887
2.16987944
2.49057961
2.24036241
1.67151582
-0.0140888747
-0.0163039379
-0.0440198705
0.0905825049
0.171799511
-0.0190365966
0.033983808
-0.10582751
-0.156391934
0.0149581125
0.0392621867
0.0118721426
-0.198500887
-0.219491825
-0.373559326
-0.0588252693
-0.478523582
-0.157664731
-0.4118613
-0.244701475
-0.193712145
-0.241724625
-0.0399300233
-0.214232117
-0.1134874
-0.0674225464
0.0950099677
0.194052234
0.489798576
0.00721575925
0.302833647
0.0238709468
-0.0899835527
0.499504089
0.729798138
0.00346203381
-0.156855822
-0.0164327789
0.492666036
0.335842073
0.2807284
0.216107279
0.49330166
0.485618114
0.462593496
0.231904462
0.567733824
0.559353828
0.897440255
0.351040483
0.332138151
0.412696272
0.877793491
0.873982072
0.613135695
0.990374625
1.01115358
0.401241094
-0.0692383721
0.52514106
1.10239792
0.505390108
0.672404885
1.05802155
0.609226644
0.445755213
0.34095934
0.160851285
0.355953872
0.938806951
0.387540728
0.117758475
0.486823976
0.512748539
0.132960647
0.339657664
0.160639241
0.530010819
0.201776132
0.175646916
0.285394549
0.481630713
0.230791584
0.513754129
0.439609766
0.193524167
0.257742375
0.171244383
0.303531408
-0.0530730933
0.266318142
0.079264082
0.0527746007
-0.107567184
0.33059153
0.039771229
-0.236087412
-0.509200931
0.0387998633
0.0334829949
-0.260049611
-0.30350408
-0.0811551064
-0.295993239
0.246742517
0.132770777
-0.201082081
0.292339325
0.333822817
0.488156438
0.0770224035
-0.154781923
-0.150756732
0.039422486
0.122156531
0.377634555
0.443184018
-0.0557336621
0.0893589333
-0.177815765
-0.0878541693
-0.140895933
-0.234799385
-0.334264725
-0.308567911
-0.203924164
-0.138626322
-0.103751659
-0.263539135
-0.279436111
-0.309996784
-0.202193305
-0.339915752
-0.188455731
-0.19761464
-0.120308258
-0.257214367
-0.157449082
-0.186407968
-0.108536467
-0.255288154
0.0354554206
-0.30286774
-0.203936607
-0.37475729
0.242101818
-0.238020226
-0.174016982
-0.12553969
-0.0502621904
0.190139696
0.123937093
0.0737733692
0.207449958
0.220282942
0.719761908
12.0528374
14.2283468
16.3900471
14.1133471
14.4486666
15.799963
12.3870792
9.7475605
10.7414703
12.165328
20.0496254
19.4778481
21.0111923
-0.83170706
-0.767389059
-0.595990062
-0.934684873
-0.857034087
-0.77197504
-0.692679822
-0.883981884
-0.799200237
-0.97826618
-0.661950052
-0.916582227
-0.578208089
-0.137880847
-0.498268515
-0.19450675
-0.270852804
-0.0269947052
-0.382057279
-0.207699955
-0.0976863876
-0.302493989
0.0551909544
-0.311201036
-0.0304079019
-0.425800949
0.0699549615
-0.0247039329
0.0996978432
0.15007025
0.108043924
0.0925645083
0.262994051
0.0330559611
-0.0130425114
0.336886466
0.156834811
0.130624071
-0.100409664
-0.468953162
-0.427024752
-0.635942459
-0.266918361
-0.0960683972
-0.487408549
-0.665851831
0.00245443569
-0.0579370372
-0.396395445
-0.207885817
-0.117015198
-0.479290426
0.309741467
0.169505864
-0.0464681573
0.355677575
0.354369134
0.0806969628
-0.342744857
0.122668423
0.0590682253
-0.0793541968
-0.0642404929
0.0580581017
-0.0356825143
0.369780153
-0.127545208
-0.191719428
0.162040427
0.0394024104
0.194379896
0.357999146
0.26312083
0.214191839
0.452354342
0.359847814
0.165303648
-0.206045434
-0.250982076
-0.167172998
0.0289320275
0.152922079
0.498053193
0.756340981
0.721351206
0.180449948
0.138811573
-0.114874467
-0.467613727
-0.544840753
-0.433117986
0.0544400513
-0.146208882
-0.255247444
0.0215501357
-0.186800465
0.115553744
-0.0437913984
0.0295240358
0.0734058022
-0.0856246576
0.00750200404
-0.0141029907
-0.16774483
-0.312176704
-0.388428986
-0.5308792
-0.24025248
-0.338151872
-0.225467071
-0.168860167
-0.49396044
-0.544097364
-0.391682357
-0.447517127
-0.383314937
-0.523085535
-0.0558892265
-0.0688629076
0.0934378505
0.0679581016
0.0367545709
0.0618283264
-0.0935987905
-0.233485073
-0.273185432
-0.0904905051
-0.207823128
-0.0797430128
0.0989644304
-0.185302883
-0.0419077128
0.151094258
-0.362235844
-0.29597047
0.112818964
0.407022536
-0.0162798911
-0.0219378397
0.311793059
0.305611074
0.143039584
0.143620789
0.106947526
0.20854637
0.416973054
0.296375513
0.390621901
0.127129808
0.0716386288
-0.368700922
-0.362638444
-0.0017052266
-0.0958449841
-0.0948551148
0.104819089
-0.36463508
-0.132645771
-0.46231088
-0.308544815
-0.343495876
-0.294977695
-0.596212506
0.0130010182
-0.12533915
0.0357520431
-0.348318428
-0.0318532661
0.0543231592
0.13086158
0.0847329125
0.0418986194
0.0973870531
0.22652638
0.0400652401
0.0910214633
0.145609483
0.159144893
0.0358553082
0.159573972
0.0691564381
-0.0401055478
-0.241225898
-0.199645162
-0.128180951
-0.0558616035
0.0634784251
-0.103727087
0.284520298
0.120820984
0.152470753
0.294040501
-0.0464357063
0.270541519
-0.199729308
0.208018765
0.0050125639
0.0299656782
-0.0538151264
-0.0151131069
-0.0855810121
0.137862325
0.0592223555
0.203425497
0.17894569
0.284483492
0.257385105
0.161294401
0.189866051
0.0749624595
0.100179993
0.126845658
0.0902823731
0.186504513
0.0971506163
-0.304802001
-0.219375268
0.0865312517
-0.351231009
-0.343457729
-0.61093539
-0.0464941785
-0.338788986
-0.0646973178
-0.223664403
-0.135960996
-9.841477e-05
0.123398811
-0.0875492543
-0.146287695
-0.0704074129
-0.244811952
-0.165954337
-0.106792733
0.944554269
0.689637363
0.679561079
0.802926779
0.0997869223
1.01351905
0.942541003
0.895031035
0.121873155
0.647080243
0.92078346
0.0569589958
0.622464716
-0.0552313216
-0.05627748
0.13348259
0.0780491456
0.263985008
-0.134621397
-0.295347631
0.392092019
0.454225272
0.101600893
0.159570321
0.158706948
-0.0328283682
-0.0459029935
0.0347160622
-0.0734286606
0.0188890938
0.148274019
0.0564417578
0.075013645
0.227842286
0.217472434
0.174125582
0.0851470083
0.134164616
0.180077627
-0.0373774581
0.162205443
0.260517061
0.0707408413
0.0662927255
0.0629202649
-0.298623532
-0.102099039
-0.0776693821
-0.0427091755
-0.21534282
0.0946888328
0.16690959
-0.0112321442
-0.0650485232
0.0684991553
0.0115643255
0.0930827633
0.161376372
0.378999621
-0.0392055027
-0.00788746867
0.0923137441
0.046665933
-0.103023015
-0.191414818
0.585100293
0.689335406
0.153522313
0.810555458
0.577883661
0.0575008504
0.0522902273
0.0841891542
0.356588244
0.680412352
0.440170735
0.613580763
0.283959031
0.225481436
0.245412976
0.166320294
0.522204697
0.206266895
0.58968854
0.513356864
0.523686528
0.489250124
0.274415135
0.47833097
0.273383826
0.195401996
-0.391310722
-0.291885018
-0.611195087
-0.199275106
-0.405797511
-0.378758907
-0.390274078
-0.442676127
-0.432816535
-0.438773155
-0.499824077
-0.617541492
-0.571930766
0.0198283531
-0.131812915
-0.287631214
-0.458024949
-0.957198262
-1.28631663
-1.17423344
-0.433322638
-0.398029894
-0.0678308532
0.350288719
0.451227188
0.266565114
0.0224811602
0.0733112171
-0.0809734166
-0.098643221
-0.110929422
-0.204702705
-0.254696697
-0.183388472
-0.217710629
-0.0992033929
-0.00986618083
-0.0927200988
-0.151690528
-0.0465681739
0.161555529
-0.136386961
-0.121693082
-0.468924761
-0.212798044
-0.225134894
-0.284649611
-0.29177621
-0.168677732
-0.0408870876
0.0475081839
-0.129019573
0.180414364
0.145723656
0.0798660144
0.102594957
-0.0347264633
0.117789358
0.235078529
0.192596048
0.229629889
0.138855964
0.118242815
-0.0419623293
0.0317729302
-0.0600889996
0.144161627
0.156444639
-0.636239052
-0.0331209637
-0.174172565
-0.376572311
0.111291818
0.0396638475
0.191770211
-0.157513499
0.100703962
-0.0950097367
-0.368780822
-0.37474376
-0.42043227
-0.305055708
-0.328398407
-0.191053674
-0.0796704963
-0.14428249
-0.207096308
-0.188924253
-0.38908565
-0.391948491
-0.403136134
-0.114224896
-0.145013437
-0.0497917011
-0.145060688
-0.00236115744
0.116826408
0.105899997
0.185525224
0.164971486
-0.102715656
-0.0753386989
-0.198763147
0.0073878034
0.0100025926
0.426319093
0.375973046
0.268957973
0.822896063
0.242383108
-0.182257324
0.196510568
0.353827864
0.0206519347
0.140494704
0.136522263
0.316934317
-0.147523895
-0.299812913
-0.619802475
-0.328680515
-0.343447775
-0.286969453
-0.741994739
-0.286600798
-0.301378816
-0.566334069
-0.349127293
-0.18692629
-0.266986221
0.758528948
0.442203194
0.208528653
0.237704918
-0.230976775
-0.676358104
-0.554243743
0.0882059783
0.218800053
0.449463457
0.663807154
0.736851096
0.564592242
-0.348633587
-0.213682786
-0.712146282
-0.144754633
-0.28436318
-0.786271989
-0.757707775
-0.127808288
-0.367400795
-0.309950262
-0.237182528
-0.448595494
-0.765960932
0.275983214
0.330864817
0.280698925
0.385789484
0.297353506
0.351434946
0.468655735
0.378422409
0.330554485
0.186856344
0.0210344661
0.159206629
-0.0611069165
0.257597744
0.172748327
-0.11166928
-0.0839368477
-0.190239429
-0.0155908698
0.127136648
-0.0155625064
0.0325548053
0.205771118
0.365741849
0.224457622
0.0158383586
0.195945457
0.288536727
0.272254527
0.340347171
0.520554006
0.12279956
0.0774110705
0.175451905
0.229117438
-0.0260239206
0.0492595509
0.038799122
0.311440706
0.205931336
0.0756063312
0.0268721189
0.31549415
0.135604084
0.129900724
0.432217151
0.0220964532
-0.00420491444
0.251634955
0.261481166
0.0697742477
-0.192327902
0.117934778
0.757185459
-0.129676089
0.288788021
0.320996881
0.235340253
0.271199107
0.197424933
0.175269738
0.215513825
0.381437331
0.0430037193
0.053528741
0.533072114
0.527265429
0.520294726
0.408001304
0.456213653
0.779483855
0.283791631
0.521809042
0.551445007
0.369269282
0.375800103
0.454966187
0.409152657
0.0961703733
0.0111633213
-0.00503543019
0.163176075
0.0589159839
-0.214960739
-0.0466380343
0.0206862334
0.0227133986
-0.207712188
-0.401208758
-0.366712034
0.0489267632
-0.364959449
0.037147563
0.030880345
-0.298960626
-0.144169956
-0.5741449
-0.475191295
0.0223739389
0.100664467
-0.256699294
-0.271766484
-0.283801705
-0.386679232
0.161635265
0.109243587
0.186655074
0.215068668
0.258824974
0.151572332
0.182434499
0.0474604405
-0.000611229392
0.233841032
0.342783272
0.204723969
0.158720419
-0.0535933599
-0.14551124
-0.199454412
-0.106872752
-0.146126851
-0.103027888
-0.0970613807
-0.127792537
-0.105937034
-0.099997744
0.0892439559
-0.0536119007
-0.0761977881
0.297921449
0.207694411
0.180713788
0.353048116
0.250525326
0.282588035
0.294402033
0.128632143
0.178968459
0.206321403
0.0611963719
0.108412713
0.0451011583
0.167756483
0.0353648588
0.21045889
0.219140768
0.0937319621
0.0333324075
-0.0604972839
-0.00138486014
-0.0486507379
-0.0226587765
0.0361245126
0.462789297
0.064388074
-0.212982222
-0.0211750325
-0.00734893512
-0.00968422927
-0.304478526
-0.269245088
-0.0124544101
0.197326273
0.259520411
0.152545631
0.10234832
-0.173329055
-0.0585683547
-0.218837827
-0.00158561242
-0.198628515
-0.056344375
-0.020976644
-0.283347905
-0.313524723
-0.125817031
0.0650155917
0.132767081
0.119089484
-0.0230321176
-0.0814791918
-0.204235777
-0.137410864
-0.0945667997
-0.0610813685
-0.0342187583
0.00816143025
0.0920293331
-0.113867164
-0.109041296
-0.0760720223
-0.133012012
-0.183676705
-0.165817544
0.0335218236
-0.043568816
-0.0980057046
0.131222233
0.0881634206
0.0383709036
0.0851626396
0.114467591
-0.000578669773
0.201953709
-0.169181809
-0.0325264186
-0.101393104
0.443235129
0.5462659
0.330439061
0.585251212
0.626186788
0.857041478
0.150417864
0.246518686
0.473111719
0.579706132
0.833951771
1.37846816
0.492956132
-1.98814368
-1.92647672
-2.02833176
-1.71430933
-1.41332841
-0.830829918
-0.599156916
0.0233065076
0.0546516404
-0.0744548365
0.152332887
-0.0330867581
-0.310082763
0.252097607
0.00492053293
0.325862169
0.0402076207
0.0624364726
-0.325534791
-0.52711153
0.313522249
0.256655633
0.00550858304
0.0640588999
0.347383201
0.433811843
0.192071095
0.386681378
0.333653748
0.0379954167
-0.00150901428
-0.311093003
-0.212013125
0.00863346364
0.00613710238
-0.0327786952
-0.0603064224
0.0304520782
0.163262427
-0.167225108
-0.227813974
-0.0881767124
-0.0492106453
-0.168429092
-0.199532598
0.121038631
-0.0430065989
-0.0932283178
-0.012428375
0.124491028
0.056208048
-0.0795715824
-0.0228175316
0.276708394
0.156828046
0.470511049
0.453404784
-0.101708725
-0.105390079
0.413363606
0.373801768
0.175206363
0.350482434
0.329385042
0.214104667
-0.379480541
-0.182571039
-0.122825958
-0.240353033
-0.174567714
0.0802673474
0.230455965
-0.261043578
-0.214923158
-0.121071815
-0.00176170655
-0.247228295
-0.178307056
-0.0771800652
-0.432376802
-0.00559501117
-0.34539333
0.0694498718
-0.616164148
-0.49919641
-0.495521933
0.266253799
-0.670276761
0.0773838833
-0.0608827546
0.20585984
-0.0337993577
0.0342288353
0.00961633865
-0.0469485037
0.0524088517
-0.103774399
-0.0691020265
-0.00492963335
0.0463954397
-0.0645141676
0.0302309878
-0.187027141
0.0474320799
0.143881619
-0.0715606213
-0.283659458
-0.399145335
-0.916142642
-1.3824451
-1.35552812
-0.495670915
-0.424342215
-0.0750206709
0.318060935
0.515732408
0.294104218
-0.0657709166
-0.0195084997
-0.0925469324
-0.11697869
-0.0233150423
-0.104095191
-0.300131768
-0.184246644
-0.125139892
-0.209542662
-0.248198166
-0.327415049
-0.198344931
-0.00136721635
-0.502932906
0.0882768407
0.0854612142
-0.162368149
0.157272801
0.0740633011
0.299272239
0.241004124
0.0415922068
0.191017509
0.126086637
0.510334969
0.0519254021
0.243994668
0.206299767
0.137744546
0.0666328445
0.236394763
0.131284669
-0.143221349
-0.163587481
-0.00119444181
-0.203274697
-0.119669534
-0.199745581
0.191192076
0.103840783
-0.0295500774
-0.116561711
-0.281270087
-0.0478145108
-0.363016278
-0.07216236
-0.105260402
-0.327482074
-0.171433806
-0.153230965
-0.109654509
0.122217223
0.020964399
0.18535243
0.106364802
-0.140198112
0.152399719
0.00484012207
0.179249987
-0.0193240773
0.391291976
0.273734748
0.270273626
0.298034191
-0.140972957
0.0294543114
-0.169039115
-0.114055932
-0.414301991
-0.251414955
-0.174453154
-0.016255714
0.0666366369
-0.281278908
-0.211999729
-0.294886023
-0.346779317
0.00130208454
0.247835144
0.033254683
0.140988842
0.0477662235
-0.0659341961
-0.0759968385
0.225110695
0.313691139
-0.0941110849
0.0994319245
-0.0604893081
0.0765166357
-0.325098962
-0.122218743
0.0400055461
-0.0443052314
-0.0497977212
-0.365068942
-0.109557584
-0.0245254748
-0.122523166
0.364122868
-0.255979002
0.152473092
0.267167568
-0.0121704442
-0.309612304
-0.320549309
0.181488723
-0.0240115058
-0.134325385
-0.125348195
-0.0920916051
-0.250573546
-0.273710847
0.0627359301
-0.149714455
-0.141888827
-0.0244561955
0.123170249
1.01776612
0.0388114192
0.149469018
0.149534032
0.284673631
0.029168753
0.12467216
0.163514316
0.456243545
0.317187071
0.458982497
0.155585259
-0.263044745
0.151975095
-0.0119334692
0.332716167
-0.182380468
-0.109496303
0.204072341
0.0274938103
0.197333425
-0.221848652
0.238282144
0.299094021
10.2668333
9.40274048
10.4031172
10.4129963
13.3890266
12.8476048
9.82008648
5.25765371
6.8110733
9.43246651
14.6400232
13.7732773
16.02005
-0.0569164306
-0.0334228426
-0.07919617
-0.036524184
-0.0173572432
0.088355206
-0.0640516877
-0.288317859
-0.245690778
-0.0309372284
0.0767500103
-0.0472584926
0.150500953
-0.252995968
0.024914315
-0.198926061
-0.11197038
-0.369009793
-0.217086196
-0.279788882
-0.180776849
-0.139021635
-0.00706963753
0.157502756
0.105061926
-0.0549800508
0.157346293
0.133427039
-0.0271386653
-0.0144775109
-0.036017824
0.100274608
0.269597262
0.0601571165
0.133803084
-0.015335354
0.190604031
-0.193739653
0.0640583336
0.140668705
-0.0226818956
-0.285789788
0.276417792
0.122384526
0.0448579863
-0.15339607
0.041012723
0.0968865827
-0.179296523
0.101612031
0.128085494
0.0741581246
0.20679231
0.361014366
0.237944975
-0.0819829851
-0.0397265218
-0.853905559
-1.08812761
-1.75816917
-1.75404322
-1.17105544
-1.34710121
-1.05031276
-1.17047894
-0.190812528
-0.436807036
-0.188858151
-0.300579429
-0.143528014
-0.363195002
-0.202241674
-0.126984
-0.222440943
0.000668331224
-0.309593827
-0.261081636
-0.232445389
-0.45115152
-0.180236459
-0.48925072
-0.390628278
-0.191903353
-0.455041677
-0.647943437
-0.252156049
-0.312685877
-0.188167736
-0.52085495
-0.0238134675
-0.563204765
-0.0633935109
-0.055394806
-0.0720816478
0.105332471
0.0579355508
-0.163681462
0.0159176979
0.175131202
0.235057652
0.216947436
0.203321964
0.12077111
0.0414786227
0.395162433
0.252355605
0.293737352
0.324163139
0.215521634
0.428096831
0.0990981832
0.385295987
0.393634617
0.512045622
0.480256736
0.420017958
0.381578684
-0.149215966
0.0226011071
0.0799908116
0.0018917541
0.201041386
-0.037311364
-0.121899806
-0.55124414
-0.60833931
-0.136571467
-0.235236749
0.0454752259
0.285484731
0.391898721
-0.0213413071
0.0101099275
0.193009809
0.175814703
-0.165436268
-0.395271182
0.565729678
0.631998122
0.111194611
0.157778665
0.288345009
0.364677906
0.380227387
0.196972162
0.184295878
0.351139247
0.225441977
0.371969461
0.449870825
0.170797139
0.155887499
0.367020309
0.431797504
0.281074136
0.120663568
0.271153688
0.273594439
-0.317255855
0.229604006
0.264861345
-0.0838674158
-0.311102539
-0.038309563
0.0679704472
0.156770036
0.0316209197
0.340620786
-0.467268825
0.099282831
0.252843827
0.306595773
0.0400033481
0.0512461215
0.115829937
0.161715984
0.280171782
0.272188216
0.162614107
-0.0105761485
0.0547733754
0.00937710516
0.0045012678
0.012060673
-0.0280569624
0.0404167511
0.0267199967
0.377923489
0.286592215
0.197517842
0.303424507
0.137277126
0.483176112
0.264019102
0.335785866
-0.292033285
-0.336470544
-0.19718723
-0.314236641
-0.259791762
-0.18277435
-0.0877459422
-0.226205468
-0.256287485
-0.263907254
-0.282746077
-0.267916262
-0.269980282
-0.241213799
-0.0621218123
-0.0243634228
0.144182697
0.0254666191
0.030724654
-0.211092219
0.533249676
0.445562273
-0.184893608
-0.00755679002
0.133867025
0.356749326
0.0480882898
0.165770292
0.147737309
0.110429525
0.198476136
0.124313824
0.0750474855
0.0288609378
0.096938327
-0.0576590598
0.124219671
-0.0331513621
0.270632207
0.0751706138
-0.0102992831
0.055899363
-0.0887649804
-0.0745553151
-0.0561418012
0.305500031
0.11283271
0.103428409
0.159842595
0.127709299
0.0188349616
-0.0396470092
-0.127832577
-0.0047255191
0.0804796517
-0.206226721
-0.00734718097
-0.120122336
-0.221405819
-0.169291675
-0.0408682004
-0.228196427
0.148589164
-0.185432911
0.227537721
-0.059447851
0.243169054
-0.0381177701
0.202845469
0.208684117
0.329421073
0.148543745
-0.232409105
-0.0743547827
0.219049633
0.406588286
0.342790723
0.0517245345
0.159895524
-0.0951917768
0.181351796
0.246161103
0.321428269
0.228967592
0.167754039
0.395138234
0.661785066
0.357150584
0.635638535
0.402272969
0.886643052
-0.0954581425
0.0969315767
0.127662152
-0.0482943319
0.125585034
-0.0424427055
-0.0957736596
0.226896361
0.184716612
-0.119365685
-0.109249324
-0.114819996
-0.281309634
-0.241009757
0.119252145
0.205671027
0.172519729
-0.0426255502
-0.153318629
-0.146209851
0.0856109411
0.107618675
-0.116125271
-0.415619254
-0.0194494203
-0.0819294378
0.176089227
0.108001813
-0.0811455026
0.267178327
0.139286384
0.438067436
0.369582504
0.131639719
-0.0425245874
0.449752241
-0.00649059005
0.256713688
0.106263705
0.198127642
0.217622101
-0.110843226
0.104093656
0.146891683
-0.184039712
-0.351520568
0.0576914996
-0.0611177124
0.134275272
-0.0294121783
0.505348504
-0.0739910156
-0.0120564606
-0.104058318
-0.0615476482
-0.109946325
0.0914837718
-0.185555428
-0.237014025
-0.14054516
-0.194394603
-0.044004336
-0.163973987
-0.169576511
-0.246117249
-0.315690219
-0.301986754
0.0254199691
-0.137723833
-0.0909104347
0.0773437172
0.0869242772
0.0352516323
-0.00748553826
-0.0739147067
0.125167236
-0.0706483945
0.283287853
0.298133731
-0.000955124269
0.337705225
0.21276921
0.392804742
0.308636308
0.129346743
0.370374888
0.327127874
0.300622404
0.155261964
0.0643812865
0.56116724
-0.397687107
-0.11593312
0.057860896
-0.156275317
-0.0362145416
0.206303805
0.384772897
-0.077325426
-0.0337753333
0.1667732
0.210863963
0.301653504
0.305152237
0.0867422819
0.01813858
-0.0815010294
-0.0823254958
-0.205488697
0.128820494
0.145557866
-0.307423294
-0.306248218
-0.0552316606
-0.156181648
-0.151347011
-0.0541215055
0.249951541
0.274610043
0.16762723
0.214965925
0.132914215
-0.125369519
-0.0892480612
0.31768465
0.360266179
0.0495327488
-0.000331687159
0.0604126491
-0.203926802
-0.875644922
-0.842553139
-0.92131722
-0.820422292
-0.814363062
-1.04648244
-0.947582901
-1.11124599
-1.1596427
-0.687944412
-1.20018673
-0.814259052
-1.21106708
0.243510723
0.529785991
0.542400539
0.445242405
0.509048641
0.374170125
0.270144016
0.425353378
0.454082876
0.385014325
0.512807727
0.394649804
0.512469471
-0.370909065
-0.245220557
-0.403476447
-0.244539946
-0.338154376
-0.0887591019
-0.412053227
-0.308749408
-0.288242996
-0.572052836
-0.489612103
-0.500191748
-0.222226188
0.440858215
0.145440876
-0.113927707
0.431446612
0.259345084
0.0559037924
-0.596838772
0.172163948
0.154148906
-0.190422684
-0.133652687
-0.0357183032
-0.0500025637
0.228097439
0.262733787
0.192243144
0.0620418489
0.0141640948
0.0853247344
0.199714705
0.104678109
-0.0449543968
0.392881513
0.0679809451
-0.0725304484
0.0143428221
0.116405144
0.326208919
0.130457282
0.0812516212
-0.0564165488
-0.051696863
-0.0739584863
0.0220144261
-0.00471276511
0.0984115675
-0.317000657
0.101264447
-0.240033925
0.0586051419
0.129898489
0.319783986
0.181915522
0.327140838
0.331393689
0.412514061
0.329430878
0.361136258
0.34315753
0.371547639
0.45286721
0.714793384
-0.0468031242
-0.150202125
-0.0191025138
-0.0553959049
0.0195197854
-0.141534775
-0.164193377
0.236064658
0.360864282
-0.107558161
0.1759523
-0.146446437
-0.0250381958
-0.161017299
-0.173637316
-0.161686927
0.291317254
0.466676652
-0.407328486
-0.52085644
0.294053525
0.232462078
-0.137541279
-0.00439287582
0.134885907
-0.0565357059
-0.475168943
-0.373105198
-0.529230893
-0.45071733
-0.253368556
-0.399202704
-0.368228018
-0.410906345
-0.479084551
-0.296522141
-0.332080007
-0.388869941
-0.44556427
-0.235111758
-0.355043679
-0.38659814
-0.293768406
-0.218865767
-0.512643397
-0.194227681
-0.438825428
-0.401895225
-0.0871345922
-0.153372645
-0.0468933992
-0.395836383
0.257542938
0.292925566
0.396244705
0.356036246
0.380880743
0.231456235
0.669704616
0.355926424
0.381054759
0.652056694
0.470191091
0.291154325
0.168910548
-0.23525469
-0.0875266641
0.234817535
0.213976413
0.796669841
0.741593659
0.661123455
0.353253543
0.239428833
0.0215581357
-0.30731225
-0.432347715
-0.240077391
-0.222913757
-0.00585766556
0.213357285
-0.304678559
-0.0738444999
-0.158335701
-0.097655654
0.248135865
0.0985174924
0.215228751
0.208035499
0.0746194199
-0.0206493996
-0.0963267535
-0.131535038
-0.0632987693
-0.108867556
-0.1178056
-0.133245975
-0.155242279
-0.0802694634
-0.0887926668
-0.0906929299
-0.12383613
0.0264666714
-0.104463555
-0.0892529935
0.215016142
-0.0514833853
0.123489581
0.233900294
0.412040174
0.144648507
0.320416063
0.415750504
0.226339787
0.182385966
0.349225581
0.304771245
0.403648406
0.227420121
-0.061376676
0.327820182
0.1341829
0.123338342
0.0477757342
0.0795114562
-0.00687487517
0.322023243
0.204908758
0.276039809
-0.0270847473
-0.294450998
0.0591399595
-0.0417501852
0.360959828
0.688335717
0.792224526
0.42099309
0.0116864238
0.0523548611
-0.0795633569
-0.559442639
-0.434373379
-0.288220555
0.903224826
0.637110472
0.457499593
0.800533533
0.870698392
0.615998268
0.153358176
0.798880041
0.855257034
0.81637454
0.727659762
0.835436821
0.893118143
0.00114205037
0.0179194473
0.00907122716
0.0309042055
0.0348642357
0.00860731304
0.215157911
0.0756236911
0.0408426337
0.132774815
0.093310602
0.0160935409
0.00308345188
0.11510516
0.0559064858
0.291140467
0.165330768
0.0952137783
0.044760596
0.189972818
0.0464435369
0.102348223
0.00730505725
0.146089122
0.146013543
0.0374754071
-0.190002203
-0.100967392
-0.0150890453
-0.257998735
-0.235166758
-0.109893657
0.156520978
-0.481961608
-0.461022228
-0.091372706
-0.1897953
-0.179583043
-0.05855776
-0.136279419
-0.153371498
-0.207367793
-0.100336939
-0.0857568905
-0.0742476135
0.234391227
-0.069859162
-0.209917292
0.00595722347
0.220185623
0.166687772
0.128414601
-0.113260314
0.26771152
0.246691361
0.0648989081
0.202292651
-0.0510321818
-0.159926921
-0.0987245813
0.00451246789
-0.1128975
0.0480784327
0.0970475897
0.202803105
-0.678958535
-0.388088048
-0.682880402
-0.55608654
-0.614341557
-0.768471539
-0.776828408
-0.474376798
-0.516154587
-0.740461349
-0.782932997
-0.796692193
-0.885450184
0.0471229404
-0.0172530208
-0.269659281
0.121213749
0.154073179
0.266889066
0.150862217
-0.134512156
-0.140881538
0.097449556
0.103661068
0.13510929
0.243886411
-0.490089715
-0.344856113
-0.439220428
-0.554801464
-0.656918824
-0.534889519
-0.287939191
-0.233907416
-0.242399797
-0.473428935
-0.274588943
-0.52288419
-0.529447794
-0.0880457163
-0.132200599
-0.165488675
-0.0472706072
-0.287228823
-0.364302427
-0.34952125
-0.127626628
-0.206217498
-0.108549379
-0.27168721
-0.205883518
-0.109964915
-0.185817763
-0.0666375607
-0.0117618842
-0.543750226
-0.280938953
-0.733950317
-0.797340393
-0.471490204
-0.52166003
-0.332720757
-0.455536693
-0.28475982
-0.268497586
0.286223441
0.212437883
0.529298306
0.447916418
0.333657712
0.275209188
-0.500583768
0.321058363
0.300713807
0.0508142635
0.0603411123
0.566727102
0.292930186
-0.0594773293
0.0457946062
-0.0660469979
0.0729017481
-0.135625377
0.0716232434
-0.141338974
0.697525263
0.719295204
0.000559110427
0.181249961
0.0668835416
0.0312747397
0.00213665678
-0.0377972201
-0.19536753
-0.0707224309
-0.0885326192
-0.0592129454
-0.0766286105
-0.149928436
-0.152953729
-0.0656857491
-0.0194337107
-0.0259058233
-0.244141743
0.0520756729
0.307396948
0.0481851436
0.360254258
0.564965129
0.842918634
0.458551586
0.197759911
0.168229625
-0.116169438
-0.402164429
-0.283678293
-0.286263227
0.0183116812
-0.186685666
-0.114291333
-0.378918469
-0.325160742
-0.446650386
-0.358734787
-0.505697072
-0.463923484
-0.211697206
-0.382684857
-0.52120012
-0.828772843
-0.693944633
-0.548501134
-0.195436701
-0.473830819
0.0482108854
-0.763097823
-0.685915232
-0.617778659
-0.151454881
-0.199749097
-0.103136227
-0.106411718
-0.649166882
-0.0633722618
-0.306513608
0.140433416
-0.147475794
-0.012774623
0.01289427
0.224689007
-0.0915877894
-0.117770098
0.0192418657
-0.0594893619
-0.0933985561
-0.0106222471
-0.0425933376
0.0496705212
0.143196985
-0.0755964592
-0.0178277735
-0.0448300242
0.123684138
0.0664680302
0.0173675511
0.150847048
-0.0257698782
-0.0257355794
0.0595578849
0.537972987
0.617694557
0.661178648
0.932448447
1.03974509
1.21307373
0.895659506
0.55959636
0.405128956
0.453116059
0.511100411
0.430082321
0.652994037
-0.199206412
-0.233686179
-0.238165393
-0.319776386
-0.251141101
-0.308910549
0.146777913
0.0883165523
0.109034471
0.0375191979
0.297965467
0.0743077025
0.178683341
-0.165241018
-0.225585982
-0.14062275
-0.145800382
-0.227871522
0.0950418189
0.0513032824
-0.0544480644
-0.103268839
-0.180408046
-0.117588177
-0.114769801
-0.000958189019
0.0781184286
-0.0983129367
-0.201640457
-0.0947504267
-0.0814714432
-0.235303536
-0.286675721
-0.183016911
-0.222266436
-0.136170089
-0.351453185
-0.326753974
-0.437905312
0.311011732
0.413165987
0.6548419
0.408355057
0.823236108
0.425062031
0.136585712
1.33727252
0.241018116
0.219360948
0.291506231
0.562220335
0.628334105
0.218545705
-0.183426932
-0.220241353
-0.0392694995
-0.182838783
0.130714118
0.226576999
0.134574234
-0.0082845781
0.264733851
0.0492350049
0.110716753
-0.209945351
-0.0978198722
-0.059974093
-0.157254308
-0.0395989977
-0.00502535934
0.186941147
0.112992831
-0.2083226
-0.186640128
0.174886838
0.153244615
0.161859199
0.283194155
-0.467047602
-0.344243079
-0.506721497
-0.43612206
-0.504027724
-0.524048924
-0.187887102
-0.466132373
-0.484811187
-0.194669113
-0.335498393
-0.582995534
-0.26376605
0.496671975
0.172170147
0.348293215
0.18175748
0.541879773
0.325291246
0.476054311
-0.0314262584
0.490829051
0.0214394797
0.323407859
0.264616817
0.484943092
0.276379406
0.110242091
0.121477075
0.238205224
0.251510829
0.230533525
0.128105849
0.140610382
0.141383469
0.209397271
0.268442094
0.257392615
0.350542456
0.214485735
0.223125309
0.157326326
0.148666129
0.138292164
-0.188974902
0.668340981
0.287282854
0.210144147
0.365767062
0.105665207
0.388082266
0.214049816
0.344577491
0.410194278
0.521404922
0.573654473
0.605238974
0.127424479
-0.101774566
-0.280353993
-0.086971499
-0.078031458
-0.156223729
-0.124627322
-0.194867328
0.11302831
0.321699798
0.298766077
0.12882109
0.180772647
0.0913468301
0.0565739684
0.154195577
0.0974652544
0.00406835414
0.0506011955
0.22818473
0.288400531
0.163385674
0.205382928
0.267965734
0.11386881
0.311553746
-0.0827985629
0.0456636176
-0.324947387
-0.271886706
-0.0466566384
-0.13915284
-0.258105993
-0.52036047
0.330661237
0.37817201
0.339976549
0.336073637
0.24883464
0.408261985
0.467915267
0.208528027
0.152935416
0.35157761
0.144632488
0.114232831
0.261021435
0.0525861233
0.0474438593
0.0803861246
0.0366929434
0.0372138731
0.175439149
0.0634307489
-0.138844475
-0.143923119
-0.350730747
-0.216022745
-0.156467035
-0.0120731108
0.31360206
0.193726406
-0.221965313
0.118156485
0.045965042
-0.069319047
-0.459898055
0.0728545487
0.0876122788
0.0626132265
-0.204152286
0.026637122
-0.249365523
0.015664354
-0.313251793
-0.201279134
0.0487948358
0.130628303
0.0329659134
-0.180296019
-0.362244666
-0.287480742
-0.254840225
-0.0742671043
0.00819290429
-0.147189081
0.0713164881
0.268946737
-0.492342919
0.0664188489
-0.0788147077
-0.334494054
-0.0577700436
-0.0132913105
0.00992854778
-0.32228148
0.0544956438
-0.0988558382
-0.875344932
0.142966107
-0.0436794795
-0.0840284675
0.129783347
0.249310479
0.305390298
0.198006734
0.0178352706
0.0700174198
0.153486565
0.191804945
0.0490530506
0.240561187
-0.225431085
-0.0339889079
-0.287441015
-0.297212988
-0.301533908
-0.244820386
-0.149675861
-0.514225245
-0.339604825
-0.157047614
-0.336280197
0.0172186065
-0.404148906
0.247425243
-0.329970092
-0.0251082778
-0.19574587
-0.0424219221
-0.353496253
-0.36957404
0.209296688
0.0735531226
-0.215918601
-0.389755934
-0.317651451
-0.286419481
0.241129309
0.384033769
0.203370303
0.457836837
0.388309777
1.25168121
-0.0309371855
0.305487454
0.308904499
0.134076267
0.121352784
0.1133857
0.0323675014
-0.369243294
-0.143204778
-0.209707245
-0.287266374
-0.307753175
-0.390325308
-0.421098292
-0.285778254
-0.235415056
-0.356896728
-0.328360379
-0.105735444
-0.185767382
-0.0215290766
-0.0236801431
0.0879199579
0.0799013749
0.0207174364
0.124405608
0.285534143
0.251088023
0.279378533
0.686527967
0.451012611
0.611270964
0.257428825
0.198210508
0.188911811
0.203970984
0.304610759
0.227391228
0.200049117
-0.0323686898
0.215668246
0.238749892
0.0558215976
0.0770108253
0.199032545
0.453393042
0.290297449
-0.169084251
-0.180634022
0.226642236
0.0828297436
0.0178898312
0.130994186
-0.125974804
0.0493278168
0.349490166
0.0371816978
0.11897257
-0.286528945
-0.00426182477
0.0347476937
0.00904495269
0.0421452336
-0.078396894
0.0389864556
0.0104223322
-0.0702421293
-0.121099293
-0.0113816597
-0.163640648
-0.0333089866
-0.149627596
-0.324433357
-0.351644427
-0.135839537
-0.431960404
-0.387064606
-0.319164574
-0.161656648
-0.139047652
-0.141595751
-0.345904052
-0.17233488
-0.329708904
-0.137917742
0.20879966
0.474058539
0.13028498
0.186037913
0.207295001
0.290353954
0.272124112
-0.245440558
-0.215241075
0.536239505
0.0996213555
0.485206604
0.213858232
-0.0338896774
-0.153340027
-0.428126633
0.0411327034
-0.181081548
0.0206389092
0.147528857
-0.398150861
-0.568791568
-0.0414209105
-0.386900872
0.0736590996
-0.380035728
-0.225451618
-0.154678285
-0.0415054262
-0.207188517
0.022175381
-0.301165283
-0.384858936
-0.325536519
-0.311090738
-0.348199219
-0.169922054
-0.268179685
-0.18616873
-0.0866069645
-0.216829583
-0.349789262
-0.12232168
-0.22255747
-0.448345751
-0.486624748
-0.706499875
-0.337176204
-0.244482145
-0.44840759
-0.104487889
-0.295371503
-0.030296918
-0.00177154271
0.155368343
0.14462404
-0.0386552401
0.0221357904
0.274923921
0.399561733
0.388514161
0.396275192
0.272995472
0.174224496
0.00180140813
0.086097002
0.149235874
0.235238492
0.0319363922
0.174813151
0.0177214406
-0.0764325485
0.328562647
0.378896952
-0.00987873506
0.0395391025
-0.0281668454
0.196273878
0.545218587
0.411449909
0.490575761
0.269766808
0.0947826654
0.727724791
0.470391065
0.2512514
0.245251521
0.337083519
0.180734441
0.0330233499
0.316099465
0.0525926538
0.142236233
0.136605173
0.134171307
0.113074072
0.0367187746
-0.0869863629
-0.00887905341
0.0158074871
0.0869322717
0.138283551
0.124960743
0.163833544
-0.19036451
-0.279107869
-0.506062269
-0.302039027
-0.0817347616
-0.417166501
-0.148422956
-0.261427641
-0.322728217
-0.107355341
-0.200631157
-0.135967284
-0.396750033
-0.00278301118
-0.272350252
-0.419615716
-0.276806653
-0.238415584
0.103864245
-0.220592901
-0.243475884
-0.175323725
-0.351826429
-0.242915273
-0.132816032
-0.290066421
0.661215127
0.390693337
0.196986303
0.206694007
-0.290037304
-0.612348735
-0.500305712
0.0687278062
0.185265198
0.301722497
0.536868215
0.598080754
0.467121869
-0.0500411317
0.0219985768
0.0623058081
0.0206522718
-0.05654433
-0.0807850733
0.0719952285
0.0864475891
0.17704618
-0.0271519441
0.126109481
0.0426648855
0.0696096122
-2.05301714
-2.12500572
-2.27548456
-1.84829319
-1.53660393
-0.940213501
-0.689017594
0.00611885963
-0.0363336839
0.0187344998
0.12203148
-0.0249764156
-0.44542411
-0.0483067557
0.0510398895
-0.17082803
-0.102416866
0.0217578933
0.00117775425
-0.114229903
0.0105595114
-0.102443494
0.220205411
-0.0360264219
0.270535678
-0.272820115
-0.0595982969
-0.165698588
-0.404578626
-0.0296375453
0.0467623286
-0.178238094
-0.0400109813
0.0559373088
0.0810730904
-0.0781938732
-0.178896442
-0.1290683
-0.270460904
-4.76777411
-5.26737595
-6.24716473
-5.28846073
-5.7790575
-6.27458811
-5.18967199
-3.56659222
-3.96815372
-4.64007187
-7.70244884
-7.24615192
-8.07957077
-0.593369424
-0.308670253
-0.154739946
-0.0884528011
-0.0258534066
-0.444844574
-0.167693004
-0.112557285
-0.161306143
-0.150365457
-0.053446155
0.0180453993
-0.0806265846
0.0431463681
-0.217036054
-0.0796672404
-0.378607154
-0.291702569
0.212977663
0.201124951
-0.372909427
-0.316089213
-0.0285784677
-0.292369843
-0.204817981
-0.043182414
-0.365193546
0.0511165857
0.183314234
-0.173378393
-0.10436473
-0.166358471
0.111172378
0.168125525
0.0325644128
0.196381912
0.176777869
0.217364118
0.11391972
0.0331630148
0.0816036984
0.10921789
0.0267570689
0.204331234
-0.0143160596
0.314203471
0.10113129
0.045129329
-0.0314787291
0.0733626783
-0.0730221272
-0.261770457
-0.544046819
-0.421734452
-0.622418582
-0.519467235
-0.46639201
-0.471500367
-0.441314161
-0.428946942
-0.429745823
-0.44485569
-0.578186452
-0.668246269
-0.492491871
-0.101746775
-0.012500667
0.083964847
0.0414496772
0.209486336
-0.224600881
-0.330238342
0.316874683
0.423660666
-0.000319996092
-0.0387561806
0.0685411245
-0.148125574
0.224022686
0.090305306
0.328870863
0.390405416
0.0781208575
0.194293201
0.138001621
-0.32247138
-0.286373079
0.18944414
0.191363096
0.00957254972
0.269883603
-0.186957046
0.17947638
0.235230416
-0.0148548409
0.0446178615
-0.0138748065
-0.0266935248
-0.0126299523
-0.0180991981
-0.0581074506
-0.104350626
-0.101513192
0.122116357
-0.0317226499
-0.0622454174
-0.0695070848
-0.0343396626
-0.0890132934
-0.0360809527
0.0180364288
0.147673503
0.147142172
0.139072061
-0.0859335288
0.0725183263
-0.0578213111
-0.206323057
-0.113452412
-0.0502862372
-0.0913804919
-0.142710119
-0.20318085
-0.340957701
0.0112376008
0.00702639623
-0.176864684
-0.126034319
-0.00510830292
-0.0136962449
0.0752475336
0.0624888055
-0.166043743
0.0126053225
-0.252872974
0.0221890919
0.0250490606
0.167034701
0.156726807
0.0131481942
0.0114162546
-0.1129779
-0.120775037
-0.0609278344
0.0549555756
-0.038814012
0.00732912589
0.021004919
0.0187756997
0.14910242
0.300237417
0.211344361
-0.119281545
0.236583143
0.283514559
0.468359888
0.20693399
0.0807683766
0.0760496855
0.0993537605
0.193519503
0.37589246
0.346819669
0.337500215
0.353659242
0.215086117
0.489623278
0.411096036
0.428235263
-0.221196979
-0.337104082
-0.466987044
0.190002084
0.228233248
1.3637805
1.47824395
2.43631244
2.46383166
1.7011894
2.06157398
1.73040044
1.59075844
-0.022593176
0.00897824112
-0.0652434528
0.0147317061
0.0215135962
0.136772931
0.0860728249
0.159640372
0.113747403
0.169659093
0.00873207953
-0.00936861802
0.0465468504
0.0802343488
0.368648261
-0.0516886786
0.0785186738
0.0944754481
0.187702149
-0.0545268916
-0.0199245736
-0.271995485
-0.0928587094
0.103952862
0.128563017
0.157028958
0.0831783414
-0.0532438494
-0.176706299
0.0464482754
-0.143367603
0.158669218
0.0471359901
0.276615977
0.269309789
0.25065425
0.294629753
0.149192035
0.148550063
0.116674729
0.0655605569
-0.103811435
-0.103515804
-0.0468027443
-0.108792298
0.0662915111
-0.244733214
-0.181202963
0.0495339036
0.147816539
-0.0642151535
-0.189514831
0.00486967107
-0.0916796476
-0.170257896
-0.0496099815
-0.118502483
0.363455325
0.455614954
-0.0361633822
-0.0707932636
0.179252103
0.0971781537
0.202297375
-0.090533182
0.310790628
0.398005396
0.463999212
0.245633692
0.282328337
0.373433024
0.511022329
0.176907346
0.0897799656
0.388904095
0.196572497
0.462014705
0.435874939
2.40504575
2.74355698
3.02172637
2.21535826
1.80663979
0.676854372
0.0623977594
-0.787505865
-0.627609968
-0.713772714
-0.671545029
-0.530602574
0.209354848
0.00574125955
0.180599481
0.0926265344
0.111545451
0.0272643231
0.268675178
-0.00595562067
0.0506937243
0.211733297
-0.0244487263
0.0341581553
-0.0970758945
-0.1453183
0.350517601
0.529484093
0.370171607
0.0908973292
0.165259749
-0.727339745
-1.10489237
-1.75023866
-1.69758093
-1.14641976
-1.34531534
-0.957401752
-1.19846976
0.275969088
-0.039571777
-0.384201705
0.264186442
0.0664525479
0.191568732
-0.167389527
0.00378525769
-0.028489273
-0.25953415
-0.11912819
-0.00325804157
0.0537491813
0.174914226
0.0949664712
-0.0870471299
0.178607628
0.141164243
0.236404747
0.0616779216
0.270128608
0.312331676
0.0406448804
0.137806103
0.164725542
0.269055605
-0.135751605
-0.179383859
-0.0626218915
0.00822680537
-0.00876714755
0.172231182
0.203965336
0.147585228
0.114838332
0.193829998
0.212907717
0.0550720319
0.0623200648
0.551392734
0.378433585
0.197989002
0.400169194
0.387846798
0.584893584
0.484956145
0.233173609
0.226325214
0.28800562
0.463635951
0.320981711
0.575530648
