0.585494041
0.734339297
0.483108968
0.77764672
0.519973576
0.683700264
0.619445682
0.572095931
0.58638227
0.622393608
0.64305371
0.643173933
0.541197956
-0.678716063
-0.401160628
-0.113129064
-0.182592392
0.5155949
0.806310177
0.928964734
-0.145359606
-0.228315279
-0.068313688
-0.142614156
-0.136104137
-0.0703058466
-0.739239454
-0.678667903
-0.66659224
-0.64945364
-0.801552653
-0.746272445
-0.780046046
-0.716904819
-0.790936351
-0.632986367
-0.712513506
-0.682334661
-0.723482788
0.290459484
0.317443907
0.332609117
0.306087583
0.678120852
0.339616835
0.350065887
0.375440806
0.669551551
0.268076658
0.377109379
0.367147982
0.368971407
0.343072683
0.450526476
0.688748479
0.420215636
0.482605815
0.378387779
0.330715984
0.522977233
0.789840817
0.489628762
0.40847072
0.492240518
0.35621047
0.660584927
0.718209147
0.934073627
0.71962595
0.557032943
0.483061254
1.16606641
0.767534614
0.692607343
1.06212521
0.694555759
0.448109448
0.48103562
1.01695216
1.0030061
0.903582692
0.951783299
0.912472188
1.02725685
0.893297672
1.30417466
1.24838364
1.11892951
0.893308342
0.906442404
0.855365694
-0.571368396
-0.690174401
-0.593048036
-0.623499453
-0.556022882
-0.469729781
-0.62300545
-0.757916033
-0.668401837
-0.689308167
-0.626675665
-0.562431276
-0.535935879
-0.596332729
-0.644213021
-0.635605395
-0.642523825
-0.731779933
-0.721007526
-0.667164207
-0.791898727
-0.702753842
-0.667288005
-0.685558617
-0.773521483
-0.621250987
0.0208450593
0.111828804
0.155660093
0.130198181
0.261017144
0.151712433
0.249177977
-0.29737559
-0.154723406
0.00244018296
0.226428539
0.0913942978
0.295364469
0.292526275
0.190753207
0.33478868
0.124766514
0.252521157
0.210834041
0.411098212
0.0172265321
0.0190739576
0.343104422
0.329566419
0.35092634
0.343861848
-0.505762219
-0.476484299
-0.561516166
-0.392269701
-0.492995739
-0.5763399
-0.633120894
-0.620863736
-0.541313171
-0.466656148
-0.507632017
-0.385008097
-0.550157428
0.444694549
0.0107210726
0.328151733
0.00895539206
-0.266817719
0.179804817
0.40848124
0.40245831
0.031228343
0.0273666363
-0.0892633349
-0.125644371
0.0214219652
0.336317897
0.376014501
0.152022526
0.413079351
0.275503188
0.273996919
0.100761943
0.50214833
0.358894974
0.259400427
0.130883947
0.158517301
0.0881931782
-0.800904393
-0.791336775
-0.831005812
-0.821231604
-0.756696165
-0.771408379
-0.818925261
-0.78269279
-0.742290616
-0.898805618
-0.843049109
-0.805164099
-0.730467141
-0.648374915
-0.518443882
-0.304621726
-0.408408999
-0.12403401
-0.355915934
-0.570382118
-0.195887581
-0.0323619619
-0.573577821
-0.182875603
-0.356547892
-0.165331885
0.50753665
0.598848104
0.423105657
0.56323123
0.495337367
0.399350286
0.327813834
0.338381261
0.4313609
0.477353543
0.463463575
0.493095666
0.375012308
-0.712022245
-0.59626472
-0.661632359
-0.820286632
-0.599298775
-0.690598667
-0.647332489
-0.929160237
-0.85782963
-0.69317919
-0.604719996
-0.522138476
-0.473763257
-0.394358903
-0.404685646
-0.411305308
-0.368403494
-0.364084065
-0.421477705
-0.479691982
-0.377021611
-0.403759807
-0.404000282
-0.415194243
-0.375445038
-0.417379946
0.715825319
0.67880708
0.651648104
0.719280601
0.73793447
0.743235528
0.733364463
0.794295132
0.760407627
0.705500603
0.738015294
0.683753848
0.731257141
-0.706382155
-0.777865827
-0.814671516
-0.812125623
-0.816397309
-0.824959517
-0.815771222
-0.845668852
-0.848026812
-0.999780297
-0.798633516
-0.787986279
-0.840532422
-0.447090477
-0.535171986
-0.355415463
-0.563639879
-0.60391289
-0.54669565
-0.339250892
-0.443199426
-0.536015451
-0.464835554
-0.474464625
-0.528818667
-0.373911738
0.468683958
0.440847993
0.450589061
0.509501815
0.437253356
0.500784278
0.490559667
0.512364268
0.476918995
0.568864107
0.453012943
0.480699897
0.439307153
-0.283027232
-0.382257372
-0.476691931
-0.138531059
-0.328039825
-0.32492426
-0.379199535
-0.644244194
-0.62892741
-0.439215571
-0.506769598
-0.389069527
-0.494704634
1.80931616
1.40145385
1.37010026
1.58725119
1.10996306
0.687318146
0.284147322
0.0466083996
0.0201688018
0.854760766
0.40176028
0.665051699
0.329003602
-0.596997082
-0.59263593
-0.456929743
-0.578899741
-0.593664229
-0.495576233
-0.286413133
-0.618828297
-0.611124814
-0.490808219
-0.513594031
-0.576765478
-0.569153428
-1.68765712
-1.76274908
-1.55371356
-0.961576819
-0.521236241
1.05460906
2.2919302
5.98986673
4.99971628
2.63630247
2.4449594
1.25559449
1.27824402
0.17731224
0.193583816
0.204451412
0.29475531
0.265140623
0.295041323
0.300659209
0.0586795546
0.0331441276
0.476917088
0.343718678
0.475802153
0.117378272
-0.416746676
-0.468753278
-0.288932562
-0.486872584
-0.296650976
-0.374593109
-0.282109499
-0.476619929
-0.454814523
-0.331342608
-0.338058919
-0.320929617
-0.257180899
0.181134045
0.307737648
0.385128438
0.158317968
0.317926019
0.148348883
0.0825094804
0.539388716
0.582908154
0.157243818
0.197402075
0.257536978
0.389095306
0.75090462
0.693959594
0.787029386
0.894609094
0.762371182
0.787644982
0.774924159
1.00893974
0.923213422
1.2449398
0.740095735
0.797640383
0.713006258
0.405114204
0.365662485
0.158774734
0.430877388
0.389298946
0.0988340378
-0.112914905
0.13381739
0.554431677
0.13436152
0.14307785
0.225309506
0.0600466765
0.651659191
0.556230068
0.57655257
0.662375629
0.735233605
0.603836298
0.473185718
0.68242085
0.670009017
0.705595195
0.594897449
0.685290933
0.61617732
0.0354821272
0.0200789385
0.0945578739
0.128891364
-0.010377543
0.160335734
0.271571577
0.0512780361
0.110794857
-0.0125895003
0.0661152899
-0.102848306
0.0430150665
-0.3062042
-0.269732535
-0.350971341
-0.144361585
-0.275804132
-0.375713229
-0.533886373
-0.262878925
-0.276560754
-0.455998719
-0.416770846
-0.343154818
-0.413286686
0.401717007
0.289340943
0.161128208
0.416190356
0.411961555
0.440077722
0.395385712
0.301662594
0.237617657
0.363268286
0.378875017
0.40006116
0.425057977
-0.266051948
-0.185010672
-0.443501949
-0.366814911
-0.333992332
-0.41906026
-0.497771323
-0.544160426
-0.408840477
-0.569852412
-0.369464427
-0.436704218
-0.400559992
-0.715210855
-0.597453058
-0.737660527
-0.708958507
-0.66920042
-0.678703964
-0.717670619
-0.614855468
-0.730010867
-0.773321986
-0.653183341
-0.691542804
-0.681098104
0.0905817375
-0.015349431
0.435898602
0.106003739
0.141372964
0.219024628
0.397685647
0.353342026
0.288524628
0.331024796
0.336815029
0.319306403
0.584535778
4.97621727
5.64793062
5.75694466
5.6501832
5.43989563
5.69937706
5.58579302
5.46141195
5.63577032
5.55604362
6.01634312
5.86403656
6.08969975
-1.00579214
-0.974147558
-1.04196727
-1.13106203
-0.876469254
-0.956888974
-0.973750889
-0.805298865
-0.702055037
-1.26728606
-0.812103331
-0.932600617
-0.721318543
-0.535320818
-0.704332292
-0.428035587
-0.624307156
-0.374090731
-0.493517429
-0.338793755
-0.394755065
-0.569978535
-0.349075735
-0.502643883
-0.373375118
-0.460829854
0.462307811
0.383428723
0.466327876
0.493939131
0.397706121
0.637755692
0.846041679
0.423254997
0.320626199
0.952665031
0.693189323
0.848983049
0.33952871
-0.926309228
-0.920061171
-0.960102499
-0.844099402
-0.698636591
-0.803299189
-1.05503309
-0.679056525
-0.722306073
-0.885670364
-0.709042132
-0.627414227
-0.789862275
0.242659837
0.164605871
0.0634288639
0.254126906
0.220831588
0.112182312
-0.0809585899
0.129359201
0.0940123051
0.0313758329
0.050604213
0.0893217847
0.0604127087
1.82768178
1.25146151
0.969058216
1.27160096
0.785482645
0.450038135
0.449677825
0.203229755
0.146112889
0.404444754
0.227155611
0.303844929
0.0387273282
-0.175261483
0.0813426599
0.204990715
0.293389946
0.651336074
0.693060338
1.04131889
0.362410575
0.267692626
-0.0955621749
-0.342214674
-0.376253277
-0.320637286
-0.424390972
-0.632907152
-0.660877645
-0.439664811
-0.592993557
-0.34553206
-0.622510493
-0.507121325
-0.420024782
-0.58258158
-0.444235146
-0.432821125
-0.549802303
0.243386477
0.142263636
-0.00768210972
0.294933766
0.361005634
0.434767991
0.462608725
0.100821026
0.0272682104
0.184846044
0.299632311
0.356590301
0.330644429
-0.806566119
-0.760514617
-0.648113132
-0.678760529
-0.719507217
-0.699092865
-0.767044961
-1.03155899
-1.04134226
-0.809745491
-0.843669891
-0.769996762
-0.66673106
-0.728684127
-0.642151535
-0.526703537
-0.84047699
-0.770334899
-0.52633667
-0.300687432
-0.536496878
-0.573424399
-0.402282387
-0.461577207
-0.555685997
-0.534328818
-0.225455239
-0.173287123
-0.0638229698
-0.137062296
-0.0341428071
-0.0658721104
-0.0651948079
-0.371597201
-0.379074693
-0.262599766
-0.216784641
-0.115563862
-0.0521141477
-0.609256089
-0.498382777
-0.625470102
-0.555112004
-0.533294022
-0.480462164
-0.725564957
-0.260216892
-0.392343611
-0.408609688
-0.477814168
-0.370976597
-0.391210049
0.518024445
0.516446948
0.532640338
0.512349427
0.941312551
0.560966372
0.544921219
0.560450792
0.880858481
0.478447437
0.567146242
0.506125152
0.524712145
-0.1945173
-0.0853517726
0.00574675854
-0.00858360063
0.00176414184
-0.0209967736
0.18044135
0.167096794
0.172856227
0.176689476
-0.0210511368
0.051283408
-0.0704433396
0.645127833
0.565669537
0.650884509
0.561638832
0.57584095
0.631276608
0.670197666
0.739320457
0.750643134
0.641448617
0.614510179
0.627118647
0.635597885
0.411489367
0.385705441
0.531936109
0.406693578
0.300769269
0.563453734
0.576530457
0.410257101
0.34445411
0.467975855
0.305636942
0.271483004
0.25330776
0.0757500678
-0.0181199498
0.227281585
-0.0498680696
-0.0679370388
0.156637043
0.23984696
0.218873486
0.110562116
-0.00882211979
-0.00984158926
-0.0534874685
0.0375258923
0.50199151
0.270513862
0.251900792
0.360743225
-0.647155821
0.449825823
0.572773576
0.735171318
-0.405374855
0.291512758
0.261533171
-0.527040362
0.0666563958
0.135433048
0.165601134
0.308745116
0.220546722
0.395099938
0.148524433
0.0676324815
0.495283514
0.586516857
0.333060771
0.335534096
0.328491271
0.266915709
0.125576183
0.136364564
0.123854563
0.195515037
0.195137769
0.194344044
0.148942068
0.219700009
0.198522836
0.313283116
0.216917261
0.32782045
0.234466061
-0.171102315
-0.0329921991
0.0313545801
-0.179561749
-0.102362543
-0.0815949962
-0.409641534
-0.336902589
-0.288570106
-0.254086107
-0.307168096
-0.982922554
-0.0655061826
-0.563904345
-0.599647522
-0.489026934
-0.532268167
-0.499432117
-0.456883401
-0.20756124
-0.522936761
-0.501948953
-0.4661358
-0.485451669
-0.618422687
-0.578792572
0.711776018
0.720260143
0.282158256
0.75261271
0.493593097
0.178782612
0.226918027
0.0799247548
0.31396988
0.591595531
0.34088403
0.380154014
0.221261576
0.0301536545
0.0265565477
-0.000802649767
0.159461603
-0.0425263904
0.185911223
0.278648347
0.359172076
0.291208029
0.0282955654
0.0627178699
-0.0305700004
-0.0371559039
-0.644546032
-0.59929806
-0.694895804
-0.619303346
-0.56989646
-0.571100771
-0.597599745
-0.669055998
-0.528633654
-0.906782866
-0.540704787
-0.655537963
-0.496751785
0.215410814
-0.0295918062
-0.139281705
-0.289028645
-0.560153723
-0.595529556
-0.855457485
-0.520746589
-0.408698469
0.0124688055
0.335313976
0.343597531
0.309345424
-0.393868715
-0.41268146
-0.426127195
-0.37456727
-0.456356794
-0.513845384
-0.513673961
-0.664808214
-0.614155591
-0.274522245
-0.40887776
-0.190758631
-0.49401778
0.37878257
0.510299981
0.36217916
0.411116183
0.196839377
0.345991105
0.362022728
0.161525324
0.169975862
0.379565626
0.38486135
0.36988318
0.343247294
0.499587089
0.504255593
0.497504473
0.498638242
0.488697946
0.494765937
0.514326811
0.505873203
0.518301129
0.503935635
0.504875362
0.510275722
0.488182694
-0.207440868
-0.0870951414
-0.112656459
-0.688697755
-0.576254368
-0.623668373
-0.50635016
0.0708941221
-0.24908489
-0.0553555712
-0.362413257
-0.477716208
-0.418756336
-0.423180163
-0.326562196
-0.144507125
-0.393247306
-0.524160981
-0.203713387
-0.0725044832
-0.152352571
-0.282541156
-0.433785439
-0.389263004
-0.506586909
-0.356868178
0.605208457
0.636245131
0.656243443
0.580211103
0.653771043
0.683697641
0.695711792
0.758430898
0.746110022
0.513929307
0.667689204
0.565013051
0.689116001
0.734416008
0.840729356
0.912858129
0.826120615
0.89563483
0.88815403
0.835607767
0.8852911
0.879302621
0.800787508
0.782302916
0.794727921
0.837367296
-0.544049799
-0.65046829
-0.826212764
-0.592977583
-0.53263545
-0.490286112
-1.01926327
-0.602704048
-0.571290016
-0.749742568
-0.558724225
-0.455818743
-0.523133218
0.160669893
-0.07210733
-0.250291377
-0.280019879
-0.725931466
-0.944078147
-0.952510417
-0.319726855
-0.31553185
-0.266208112
-0.209574372
-0.264853507
-0.277371019
-0.954039752
-0.805679142
-1.04391849
-0.842322707
-0.574397624
-1.00499904
-1.13923192
-0.825633049
-0.949468195
-0.894706786
-0.694578111
-0.538185537
-0.907748878
0.147257701
0.188531831
0.164728746
0.203398407
0.0952083245
0.20883131
0.291810811
0.261427283
0.158677906
0.201167449
0.110765435
0.220240772
0.0682529807
-0.499255747
-0.530173481
-0.600893021
-0.608952224
-0.68481493
-0.549714386
-0.500604987
-0.625058174
-0.651002586
-0.503164232
-0.501228094
-0.519753158
-0.583924532
0.40646711
0.4520123
0.449537516
0.45813939
0.496242493
0.438427776
0.473345339
0.535609186
0.49449873
0.404716015
0.424813032
0.44743976
0.500139713
0.646694362
0.547504008
0.540856898
0.685322344
0.447318316
0.468622863
0.774835765
0.571098864
0.473455429
0.688427687
0.646365404
0.880314648
0.340340942
0.395578384
0.461410791
0.379261315
0.415277362
0.434269637
0.433072239
0.425242722
0.417480439
0.41964671
0.42125389
0.419007599
0.398630381
0.412218392
1.32944405
1.24371946
1.19835377
1.17312467
1.06473005
1.26666403
1.13233745
1.44481206
1.36583436
1.15259874
1.03840292
0.984036505
1.01353693
-0.537383914
-0.606496811
-0.672049761
-0.576885641
-0.683399916
-0.813986361
-0.673977852
-0.703257143
-0.724638879
-0.779067516
-0.710365415
-0.82578212
-0.672044933
-0.446766257
0.109281726
0.721765876
-0.335039079
-0.177419677
-0.424936205
-0.468472719
-0.179318845
0.666209877
-0.181482449
-0.216671035
-0.158145234
-0.308922023
0.229375184
0.227388054
0.242946103
0.288257778
0.315250576
0.284195811
0.339999378
0.317161977
0.273580045
0.296832949
0.26150313
0.215114474
0.255586505
0.111371912
0.104202569
0.290457994
0.0974439308
-0.0415000692
0.233717605
0.309457421
0.234403893
0.217789665
0.110991724
0.106339976
0.154087082
0.123840496
0.0660449415
-0.0530907586
-0.123861007
0.0193878729
0.0276688728
-0.179150417
0.0878912732
-0.290414989
-0.139477134
-0.0868270621
-0.289232075
-0.179038793
-0.152801335
0.298015088
0.220249131
0.501052499
0.398351014
0.263458163
0.450852633
0.348077744
0.380447447
0.245390117
0.366309524
0.347951591
0.483475447
0.367839545
-0.24146682
-0.0781956911
0.20463717
0.0297080893
-0.254438758
-0.00408674823
0.00859900005
0.20945999
0.15214844
0.297308236
0.0203731116
0.0218061768
-0.00605833111
0.0932862684
0.262256712
0.133193552
0.167858243
0.567240834
0.0304562524
-0.0915577561
-0.0108441561
0.571218789
0.575334311
0.262666255
0.747137904
0.279344589
-0.883129179
-0.794261992
-0.797278881
-0.80084914
-0.711948514
-0.717426181
-0.649811685
-0.845505595
-0.788017631
-0.940182805
-0.889243305
-0.877970576
-0.763384104
0.309620261
0.249462813
0.210200384
0.311801553
0.282250851
0.266749769
0.337551057
0.379754215
0.209125683
0.36443004
0.236679658
0.143511489
0.166228652
0.565280318
0.588678598
0.507206321
0.599925339
0.60368228
0.65092063
0.472386718
0.446545988
0.563010931
0.631803572
0.583779633
0.687376738
0.507868409
-1.38604498
-1.32332611
-1.11190903
-1.01353467
-0.694380105
-0.217329696
-0.070365943
0.425915569
0.386966556
0.265575498
0.446221679
0.162526861
0.13092564
0.373061806
0.166673943
0.40086332
0.165948227
0.226485372
-0.0142613165
-0.177487597
0.366781712
0.304698497
0.167941287
0.22565794
0.291038573
0.38241756
0.256083935
0.352402776
0.32325083
0.157252878
0.0921278298
-0.184269905
0.113618165
0.201239944
0.200160429
0.103336819
0.158437863
0.164817676
0.14860557
-0.195954844
-0.179556191
-0.0888959765
-0.105097927
-0.154820234
-0.171812356
-0.0144947562
-0.0317654014
-0.108230978
-0.135848522
-0.0303260796
-0.057259988
-0.0963586718
0.368917882
0.522031188
0.445688218
0.531524241
0.52397269
0.302593797
0.332577825
0.745334506
0.653350413
0.433803469
0.470787853
0.446879387
0.432375252
-0.1020464
-0.0103841443
0.0519342348
-0.0628917292
0.0767379105
0.316905111
0.508919418
-0.0751361325
0.0161780044
0.219631508
0.252781719
0.203229412
0.180037752
0.205730543
0.0841960832
0.286023855
0.0819050595
0.414894849
0.046553351
0.0558462664
-0.0993570313
0.545923769
0.0246023778
0.334378779
0.445925176
0.397722721
4.59289731e-05
0.0141157461
0.160853177
0.0208203867
0.0805172324
0.0509758703
0.0579970442
0.0797892436
0.163817778
0.06523332
0.0754628628
0.095883511
0.0533632413
0.329499006
-0.0578714572
-0.255752325
-0.432173014
-0.845420897
-0.941062033
-1.55032122
-1.01853049
-0.755430758
0.0238284636
0.485360295
0.603233278
0.467987835
-0.0969650298
-0.0735321119
-0.162350684
-0.196313187
-0.134055212
-0.287183464
-0.403730959
-0.53534019
-0.351678252
-0.439021349
-0.259702355
-0.566963851
-0.227721795
0.333174229
0.0963254273
0.362401664
0.342663258
0.252319485
0.330161899
0.393568516
0.524723351
0.482617199
0.248357132
0.380116761
0.304197043
0.468651205
-0.586052954
-0.48986122
-0.535929263
-0.53731364
-0.590192676
-0.520314455
-0.484218001
-0.734446108
-0.708875358
-0.642893195
-0.688459575
-0.688599527
-0.661896169
0.0792846754
0.0592396408
-0.186056241
-0.156535313
-0.214117602
-0.0784803033
-0.336700797
0.111327127
-0.0329812504
-0.421220005
-0.196776852
-0.203035608
-0.114195466
-0.0407487489
-0.300308138
-0.124235928
-0.161526486
-1.1386106
-0.0373061039
-0.503003538
-0.0224623848
-0.806115746
0.295054436
-0.131768584
-0.413302213
-0.0619212016
-0.24892877
-0.170776308
-0.311891913
-0.248009428
-0.315722406
-0.310986936
-0.296438932
-0.181989521
-0.217731997
-0.299711466
-0.222906023
-0.2403602
-0.272077203
0.422495306
0.716578364
0.677798331
0.606903613
0.381594151
0.41295594
0.483839363
0.940463603
0.972504616
0.388686627
0.578872919
0.332431167
0.438771635
-0.41438508
-0.322138667
-0.229974449
-0.377573878
-0.467062503
-0.38533029
-0.253917128
-0.132118255
-0.323154151
-0.294677824
-0.424336702
-0.448297501
-0.273586899
0.0297025852
-0.237532198
-0.379399419
0.135318041
0.0982252583
-0.477736741
-0.359354645
-0.137703314
-0.0296403524
-0.322896928
0.123721167
-0.128751054
-0.0633044243
0.720643342
0.789283752
1.04590905
0.688193381
0.737668097
0.762612939
0.967886388
0.678466201
0.74486798
0.827903032
0.981646538
0.804002881
0.901176095
0.214342117
-0.0504024848
0.343842417
0.135310292
0.378466278
0.123181693
0.409644306
0.207709849
0.0497604609
0.3495875
0.063224718
0.257527173
0.359485716
3.68445992
3.27070928
3.29173326
3.61423349
4.20929909
3.947016
3.63652325
2.13218975
2.90402031
3.91992259
3.8932817
4.03284836
3.97755456
-0.0250359662
-0.0193621274
-0.030244587
-0.00508840941
0.0376876928
0.039783936
-0.0134629132
-0.211769462
-0.151096106
-0.0171054695
0.00776692387
0.0166104194
0.0590721332
-0.00632980792
0.1192687
0.00613021431
0.059111394
-0.064054437
-0.00806192495
0.053728696
0.00697665382
0.0122818593
0.0616710261
0.125279099
0.0657444596
0.0699781403
-0.206424773
-0.226114169
-0.33799547
-0.260664046
-0.260493368
-0.281127572
-0.258433074
-0.367424935
-0.317695379
-0.242941648
-0.189107761
-0.32250458
-0.208822161
0.259035558
0.0808428749
-0.0697389916
0.374244183
0.242846847
0.205107406
-0.105539098
0.207058996
0.248283163
-0.079198584
0.160640582
0.231781155
0.180716828
0.749564588
0.805618167
0.606760919
0.475796431
0.414209604
-0.0306544695
-0.497620344
-1.55884707
-1.29493701
-0.480879515
-0.31747362
0.00152659719
-0.121484898
-0.773471415
-0.91287297
-0.754674435
-0.880363464
-0.671278059
-0.726641893
-0.677592695
-0.812204003
-0.829739511
-0.744414926
-0.855674207
-0.703659534
-0.647391737
0.183060989
0.365139544
0.213604629
0.238885954
0.667546332
0.254419386
0.0875963122
0.276135862
0.44578442
0.31917733
0.280036181
0.726270556
0.309271157
-0.492302358
-0.519746959
-0.561495304
-0.517410934
-0.312233746
-0.499195188
-0.467371702
-0.253981173
-0.124135971
-0.227921247
-0.165625095
-0.589993477
-0.266970903
0.604236484
0.554476559
0.669119716
0.578781247
0.430069119
0.726193368
0.668826401
0.852637768
0.69898802
0.807874382
0.599481225
0.722017527
0.633041322
0.121242344
0.23080948
0.253963232
0.193130553
0.273653984
0.179402187
0.179314271
-0.214617014
-0.221777916
0.14748621
0.0956707299
0.206302583
0.268460214
0.460384935
0.305752784
0.341270268
0.377645165
0.316850424
0.186085939
0.0663192421
0.388883829
0.35936594
0.264728278
0.29535377
0.309295714
0.273141712
0.602204442
0.469240814
0.515588522
0.561395824
0.362481356
0.4979994
0.883392096
0.444136024
0.353853613
0.724848926
0.582745492
0.734076142
0.294101983
0.0842623934
0.0799729601
-0.346921086
-0.00694780424
0.0119633656
-0.23379232
-0.521233082
-0.146181077
-0.0636518374
-0.0993340388
-0.114051439
0.0227644164
-0.383452535
0.744953394
0.849770904
0.916725755
0.710065365
0.623444259
0.705400944
0.862889707
0.924519718
0.839043915
0.871315122
0.621407688
0.625638723
0.559560061
0.387981236
0.36998415
0.446174949
0.439164907
0.388864964
0.598454118
0.848839402
1.21782339
1.08571649
0.818590641
0.819025636
0.53689158
0.588523865
-0.805472851
-0.80692929
-0.949240327
-0.810699463
-0.712793827
-0.871492982
-0.869122863
-0.907341003
-0.920950413
-0.902804434
-0.78652513
-0.885022283
-0.809681952
-0.57236433
-0.487409234
-0.478920102
-0.433559388
-0.455196291
-0.443355888
-0.57174176
-0.127163634
-0.236420959
-0.538322628
-0.456621975
-0.422299325
-0.377600282
-0.539894521
-0.515585542
-0.472471833
-0.498912483
-0.550472021
-0.54595685
-0.518837035
-0.704748869
-0.590563893
-0.517513156
-0.503556013
-0.442437351
-0.504276872
0.310744643
0.257025659
0.311364591
0.260418296
0.330353558
0.422718257
0.413595974
0.296037883
0.32266286
0.374291718
0.313374877
0.353359431
0.332601547
-0.40846616
-0.394558758
-0.386638582
-0.41995126
-0.394608825
-0.402769208
-0.424407661
-0.404900938
-0.394159496
-0.420998514
-0.379226476
-0.406564534
-0.371201873
-0.0321152285
0.160596907
0.013831703
0.110452443
0.157643571
0.281744987
0.297605753
-0.271065056
-0.101664245
0.205410242
0.243128702
0.125163838
0.0850225687
0.447504312
0.310373992
0.570593953
0.537558675
0.516092658
0.490909219
0.652925551
0.590435147
0.722397029
0.675720096
0.616799235
0.571715772
0.716034949
-0.632278681
-0.533791721
-0.689758003
-0.61131233
-0.529653966
-0.727156818
-0.778587639
-0.539336681
-0.577457368
-0.682063103
-0.604536593
-0.587676585
-0.736849964
-0.767530501
-0.690023065
-0.667707026
-0.695866942
-0.78704077
-0.792066455
-0.735155344
-0.72784102
-0.715907276
-0.794318974
-0.795208693
-0.769352317
-0.732719779
0.0108930804
-0.0687133223
-0.0270758066
-0.0887124538
-0.333123326
0.00205576303
0.198679298
-0.177266493
-0.377381116
-0.0659648255
-0.251968294
-0.220176324
-0.153465852
0.525605917
0.548417687
0.438178062
0.494357198
0.557007194
0.466012806
0.392943799
0.496498138
0.441078544
0.549422026
0.497590542
0.618380785
0.465253979
0.48390907
0.310605496
0.613014936
0.382689774
0.412116617
0.36180672
0.468871832
0.370289683
0.175099388
0.683722436
0.278861821
0.35068351
0.284605235
-0.256780595
-0.276689887
0.139963895
-0.133062556
-0.048868455
0.126807958
0.329793662
0.0473856144
0.0259655137
0.137116894
0.1753916
-0.00284059136
0.307381272
0.47002694
0.216319829
0.483270079
0.508408308
0.487774312
0.441995442
0.215269417
0.325831085
0.343218118
0.603386104
0.308460534
0.374062061
0.494365335
-0.0190330576
0.142010406
0.27408427
0.0589461885
0.241017506
0.413352937
0.687104344
0.183560133
0.222303197
0.401430219
0.408750772
0.392065942
0.442255884
-0.459078372
-0.520636559
-0.560621738
-0.572788239
-0.667123973
-0.438420355
-0.401487678
-0.828997493
-0.800945222
-0.577225208
-0.615846753
-0.660596251
-0.559763432
0.302368253
0.600649834
0.725760818
0.278977215
0.212260932
0.177299351
0.138299555
0.392344058
0.574826658
0.212298825
0.188997075
0.212223858
0.086196661
-0.420403183
-0.317596555
-0.261343688
-0.327015847
-0.223249137
-0.571719825
-0.668001533
-1.18888843
-1.00336599
-0.321793735
-0.518181682
-0.0612710156
-0.52259475
-0.172705203
0.0555391721
-0.00341401622
-0.0952217504
0.000211269435
0.0260367878
0.0701952577
0.26659289
0.1892308
-0.158294559
-0.027651282
-0.230817422
0.0494792089
-0.401629865
-0.23893404
-0.332676798
-0.326254696
-0.507794201
-0.267065883
-0.340757728
-0.253724158
-0.409105837
-0.616564095
-0.477506489
-0.58981961
-0.356326282
0.42550531
0.300992042
0.211890221
0.406516016
0.319512993
0.255919009
0.00903089996
0.30200389
0.273898542
0.171203241
0.188965425
0.242159352
0.229092941
-0.444878042
-0.444223881
-0.435107857
-0.497969806
-0.460490346
-0.493323445
-0.329643935
-0.321818113
-0.378428429
-0.346056998
-0.449145257
-0.432073146
-0.44622764
0.706995964
0.783269227
0.696567416
0.715347052
0.683972776
0.705170155
0.718902946
0.839120924
0.770453215
0.748276651
0.647451878
0.742894113
0.686884344
-0.250443757
-0.240231574
-0.113713212
-0.252997369
-0.141069055
-0.112085223
0.107089773
-0.076440312
-0.0754343867
-0.063217558
-0.0401985906
-0.129433721
0.0299582724
-0.433442622
-0.532604933
-0.372405082
-0.435265571
-0.316856742
-0.450136483
-0.552158892
0.056290213
0.181500912
-0.561222911
-0.232604712
-0.387184769
-0.293409824
0.096353136
0.116557069
0.175664619
0.357121021
0.455876619
-0.0119257104
-0.0905236676
0.413713872
0.334898949
0.0735857412
0.172147736
0.264410704
0.180335745
-0.911899209
-0.857725084
-1.11780715
-0.926293314
-0.722736001
-0.787028432
-0.822400928
-0.854025364
-0.905041635
-0.863924086
-0.852680385
-0.748031318
-0.680296063
-0.806886017
-0.849455118
-0.837938368
-0.899154961
-0.731815219
-0.865818381
-0.724327505
-1.15109718
-1.03353977
-0.798138678
-0.719937444
-0.644020081
-0.739601433
0.835092843
0.840004206
1.02751541
0.845221162
0.806885183
0.793686569
1.47411764
0.810246229
0.822745681
1.03077352
0.832006335
0.688510418
0.753141046
-0.586627901
-0.422259301
-0.217655823
-0.229965597
-0.0251182839
-0.0938878879
0.0799320936
-0.0660327226
-0.180583686
-0.397659808
-0.583124101
-0.593021691
-0.560312986
-0.0588334464
0.113476887
0.281441331
-0.12876074
0.081734769
0.0216434747
0.144832283
0.440616965
0.245757714
0.341583073
0.305269718
0.156868905
0.210183859
-0.624469578
-0.639170289
-0.708273232
-0.682427227
-0.658291459
-0.716824293
-0.743168116
-0.676912963
-0.713688433
-0.750464857
-0.665598869
-0.670722187
-0.658310771
-0.113674879
0.0916265547
-0.0925560817
-0.0142865684
-0.00454700179
-0.0258627739
-0.0782821998
-0.0651742816
0.0172173232
-0.12695767
0.0106392456
-0.00873588864
-0.0769391879
0.157196775
-0.0044086189
-0.343842119
0.0197292548
0.0274680424
-0.0554895215
-0.047390271
0.086376451
-0.0223566666
0.0304969531
-0.00447654398
-0.0549249575
-0.0251088832
-0.575074911
-0.105728336
-0.209238112
0.0715335384
0.631916404
0.837074816
0.429887533
-0.561530769
-0.419412553
-0.175835475
-0.436263889
-0.147328705
-0.244610339
1.04374528
0.911503375
0.832469165
0.97836113
0.980276942
0.898404002
0.731892586
1.12763083
1.08907759
0.987845182
0.852834046
0.889184535
0.883628368
0.215796784
0.224257633
0.265331566
0.25598678
0.210648075
0.194411844
0.30634135
0.24161157
0.226430625
0.308873594
0.234000683
0.382491678
0.191610679
0.0552010722
0.0484630987
0.134827688
0.086500518
0.0928689167
0.179760024
0.273553252
0.4636769
0.308376312
-0.00127068616
0.116799302
-0.0923027694
0.123914897
-0.736830294
-0.684731305
-0.650809348
-0.728437662
-0.711754262
-0.644295454
-0.576191068
-0.873081982
-0.836129785
-0.674178839
-0.697723806
-0.650930285
-0.63245523
-0.0862253979
-0.0848307163
-0.0870842636
-0.112544835
-0.142614156
-0.0334907323
0.202358425
-0.0664563999
-0.307082713
-0.0506017767
0.0905223414
0.0232219845
0.0585060157
-0.284219235
-0.183248058
-0.195636332
-0.245107964
-0.200942919
-0.278487742
-0.305856586
-0.241289407
-0.215455383
-0.268039674
-0.222148016
-0.241784334
-0.200390697
-0.471410871
-0.296216339
-0.494004786
-0.480356276
-0.491436899
-0.645152748
-0.78162986
-0.373541623
-0.347909808
-0.909962893
-0.488374144
-0.7831586
-0.440113306
-0.510135353
-0.665355325
-0.768784404
-0.490682721
-0.465763748
-0.46004352
-0.446978152
-0.568443775
-0.60277003
-0.495668679
-0.488859415
-0.485964179
-0.445689261
-0.266371012
-0.201238737
-0.265274376
-0.350596756
-0.329996377
-0.294102252
-0.193070218
-0.173833758
-0.174805373
-0.386325091
-0.213208109
-0.296721518
-0.237109989
-0.645046413
-0.646683633
-0.665617287
-0.684458852
-0.785075963
-0.791090369
-0.758739233
-0.76511693
-0.797445893
-0.728124917
-0.730443835
-0.715759993
-0.709592581
-0.553156078
-0.484830916
-0.486541539
-0.621726274
-0.520483792
-0.655899763
-0.744246721
-0.67958492
-0.690428913
-0.563151777
-0.583167017
-0.517526388
-0.526589155
0.399534464
0.36163038
0.522784531
0.462254226
0.451796681
0.444305807
0.0240630228
0.357555509
0.360752404
0.290125638
0.313660741
0.479533732
0.406983882
-0.153172612
-0.124115773
-0.133104444
-0.0628514141
-0.206092775
-0.0194610711
-0.28168714
0.830370903
0.681066275
-0.164363533
-0.00938881747
-0.160740808
-0.023564253
-0.538271725
-0.554083467
-0.674146712
-0.555434465
-0.588709235
-0.635828137
-0.653515518
-0.679523706
-0.688566446
-0.573165178
-0.566868484
-0.551615655
-0.621279657
-0.225120693
-0.0239533428
-0.191634163
-0.0521657355
0.0748104453
0.190368384
0.11632888
-0.0471816882
-0.105447121
-0.317226678
-0.427797973
-0.374833584
-0.369061381
-0.448367655
-0.586613595
-0.638301969
-0.753049374
-0.760782599
-0.821107566
-0.689389884
-0.824540198
-0.832206726
-0.679210246
-0.666261017
-0.84144932
-0.845891237
-0.651365995
-0.487962574
-0.16979441
-0.468613505
0.508617043
-0.586583078
-0.681788981
-0.98889029
0.190784022
-0.209520146
-0.163887918
0.361972809
-0.222648963
-0.428545684
-0.61873579
-0.215322524
-0.459798664
-0.386023194
-0.31816268
-0.117339075
-0.31947273
-0.34277311
-0.295601517
-0.331455052
-0.397531629
-0.288281322
-0.669670105
-0.630822659
-0.640395105
-0.712894976
-0.717745662
-0.75512445
-0.679794192
-0.704636157
-0.737599611
-0.722172678
-0.673242152
-0.669654071
-0.694253087
0.586219609
0.612838447
0.581511378
0.713327587
0.854257643
0.928776443
0.918186903
0.661386549
0.576465428
0.602549613
0.544818699
0.544049442
0.605089128
-0.516332805
-0.526888192
-0.619054317
-0.618381023
-0.539395928
-0.596384645
-0.407841146
-0.392064869
-0.361711502
-0.508661926
-0.369463742
-0.434436649
-0.339537084
-0.310819298
-0.366222739
-0.233521745
-0.32098332
-0.38315469
-0.0284947027
-0.0907842219
-0.0911585614
-0.24004145
-0.283816278
-0.240779817
-0.225624904
-0.109360017
0.131613076
-0.0561067462
-0.188876793
-0.0569105521
-0.206066862
-0.415529788
-0.668439269
-0.345205814
-0.352351457
-0.357189059
-0.532249749
-0.469178826
-0.501672506
0.564448774
0.580117941
0.612683594
0.580795586
0.629895806
0.577945828
0.541604221
0.839374423
0.533775985
0.542116046
0.541257083
0.56799221
0.572114348
0.26789397
-0.188427627
-0.15197894
0.0124836946
-0.195186853
0.234016642
0.410432428
0.076584816
-0.0815680474
0.254088432
0.0116315782
0.180280671
-0.16112344
-0.0661592931
-0.390109956
-0.617207587
-0.0645609871
0.00967852585
0.0404022262
0.194079623
-0.272259384
-0.409303635
0.133186191
0.107450634
0.0848840177
0.252809167
-0.77731061
-0.731029987
-0.864157498
-0.788655758
-0.810265422
-0.855267227
-0.750397563
-0.830047846
-0.855773091
-0.719385445
-0.684475005
-0.776544571
-0.700840592
0.502688587
0.120100409
0.271608144
0.101951331
0.380652457
0.335458428
0.626456499
0.370584399
0.880663335
0.0284379628
0.249894455
0.338399678
0.415454209
-0.569349825
-0.581759095
-0.60941869
-0.537670851
-0.473555803
-0.47698915
-0.494118154
-0.578905046
-0.597861111
-0.564357936
-0.495478868
-0.582217097
-0.482357591
0.558324277
0.57932961
0.59291327
0.566491485
0.600676417
0.486400515
0.808714032
0.60679543
0.579362392
0.680611014
0.551778555
0.668545127
0.560321808
0.506111383
0.558766425
0.716818154
0.48500061
0.45189333
0.555531561
0.519792795
0.467447072
0.427669942
0.21361725
0.286961883
0.247837201
0.347977757
-0.126474991
0.0192931909
0.00975637697
-0.108567908
-0.0803687572
-0.0318955742
-0.105521917
0.0448943675
0.00437709689
0.0519632474
-0.129655376
-0.0766290352
-0.031650167
-0.336256534
-0.236770943
-0.0747952238
-0.352976471
-0.430360556
-0.299875468
-0.224242523
-0.376774669
-0.504765272
-0.397750705
-0.401942372
-0.461212903
-0.534131646
0.439978033
0.510059476
0.515415967
0.3998788
0.338172734
0.613965333
0.679434657
0.625491619
0.465646923
0.496659905
0.453525007
0.363425761
0.475095272
-0.277882904
-0.311901599
-0.462824523
-0.328448564
-0.202375904
-0.277590752
-0.224229738
-0.490178376
-0.471708179
-0.768899083
-0.417679787
-0.458365202
-0.302929044
-0.475428373
-0.541895568
-0.744730055
-0.567221165
-0.627037048
-0.702921629
-0.986041427
-0.516213536
-0.541462421
-0.637754023
-0.816397011
-0.630046487
-0.741801739
-0.424149185
-0.549503148
-0.54502058
-0.430113763
-0.397344172
-0.426226199
-0.481146783
-0.540688276
-0.513039589
-0.519593716
-0.444607615
-0.437856823
-0.433657944
0.30633679
0.369437128
0.0390413366
0.156046405
-0.13849254
-0.165288448
0.0877299756
-0.144639358
-0.0702285543
-0.0860231593
0.0991611779
-0.0326332152
-0.319273263
0.337798119
0.151876673
0.110360101
0.248462096
0.723296583
1.35636866
0.286358654
0.0800168887
0.102879971
0.195869789
0.259352475
0.434236228
0.570208609
-0.0505431443
0.0638538972
-0.0370563082
-0.0860415697
-0.079043828
0.140100673
0.413621634
-0.417077661
-0.187122688
0.534998298
0.305238664
0.776007712
-0.0491628125
-0.465620309
-0.814694107
-0.647881269
-0.755510986
-0.756686509
-0.922318041
-1.00447202
-0.488114983
-0.631873727
-0.8340922
-0.868576467
-0.825869501
-0.816349804
0.537973225
0.750080109
0.524440289
0.746183574
0.569854796
1.12682545
0.274129212
0.934420407
0.835279644
0.446264297
0.355953842
0.339002043
0.285342127
-0.389980674
-0.350945354
-0.36380896
-0.370486975
-0.403120369
-0.398008376
-0.388786107
-0.373674721
-0.386757106
-0.391157687
-0.370230585
-0.377751142
-0.36406967
-0.00184564001
-0.0270175189
0.0603870451
0.0205887239
-0.246346191
-0.0869688615
0.235197261
0.143832564
0.00511596724
0.381754309
0.12047822
0.209336504
-0.0745655745
0.448918998
0.379972577
0.459726036
0.438287824
0.35855931
0.374956995
0.324240297
0.461165071
0.432213396
0.447223574
0.406771839
0.425033212
0.49331519
-0.119005024
-0.510308564
-0.534978688
-0.260455072
-0.346183062
-0.512731016
-0.215969011
-0.535970509
-0.385425985
-0.31586805
-0.35579443
-0.402415425
-0.555006325
-0.618197858
-0.596468329
-0.623273373
-0.617195427
-0.679998994
-0.639233768
-0.645431757
-0.665376782
-0.739377499
-0.669911385
-0.678098619
-0.718695283
-0.702250659
-0.487293184
-0.511047602
-0.707096338
-0.575210094
-0.453324288
-0.722205877
-0.655890226
-0.479936659
-0.505483866
-0.734463155
-0.447844148
-0.657793701
-0.464642018
0.473267138
0.527845263
0.460871845
0.463038415
0.49623245
0.518024683
0.547022462
0.329873711
0.358207047
0.578287542
0.466731936
0.544664741
0.477407902
0.385381728
0.277894497
0.246371642
0.382720411
0.260617107
0.418566912
0.487355739
0.146935821
0.125175059
0.357280135
0.274061918
0.308491975
0.258928627
0.215934843
0.277394474
0.25733906
0.24720411
0.336857766
0.228354588
0.233544379
0.319211453
0.254737258
0.110177517
0.217963055
0.111184783
0.249922708
-0.330666959
-0.435794085
-0.473709494
-0.464882851
-0.615373731
-0.695809603
-0.611430109
-1.00322461
-0.69217068
-0.565304816
-0.590265393
-0.581246138
-0.537104189
-0.401147664
-0.335285068
-0.257815778
-0.293669879
-0.416392118
-0.455257088
-0.387596309
-0.393627644
-0.329724252
-0.255201131
-0.318278044
-0.175259471
-0.494140476
0.000465684629
0.0779417008
0.172933921
-0.0829971731
0.0204404723
-0.402350754
-0.751967192
0.509310424
0.469290972
-1.04661882
-0.468954504
-1.21933603
0.0396346413
0.657527089
0.554340422
0.545540631
0.491606206
0.338789165
0.574954987
0.579114139
0.48977977
0.474610835
0.507927477
0.395323634
0.304926991
0.40721491
1.09467506
1.12318265
1.4180572
1.25646758
1.01889122
1.12605143
1.047194
1.05142367
1.07173634
1.3976717
1.31861222
1.26784766
1.1647408
-0.20789279
-0.251277626
-0.306533903
-0.294964343
-0.138787702
-0.256161004
-0.179667845
-0.374717504
-0.353677362
-0.214299306
-0.20619148
-0.172116131
-0.189673111
-0.234717563
-0.509485543
-0.575644076
-0.46371901
-0.378939092
-0.127827778
-0.530389726
-0.692409098
-0.555212021
-0.637381077
-0.351530641
-0.320833504
-0.405946761
0.293523252
0.0809952691
-0.127860919
-0.135976031
-0.722487688
-0.98067522
-0.950150609
-0.154674575
-0.144517258
-0.192755163
-0.122015469
-0.186507851
-0.202143103
0.412617564
0.438583523
0.68846637
0.596895099
0.8408553
0.468343735
0.724893928
0.550929725
0.911328912
0.792215288
0.550303936
0.613897741
0.612084091
-3.46999717
-3.34693766
-2.70747304
-2.60486817
-1.75948286
-0.470114797
-0.326327145
0.229858056
0.17073378
0.195295811
0.41375795
0.0958829299
-0.0661854446
0.488804668
0.606056511
0.489076048
0.451058716
0.42694971
0.49379766
0.427396566
0.584579408
0.347762346
0.886848629
0.625083864
0.83190167
0.252176672
-0.321704924
-0.410825312
-0.553032637
-0.270605892
-0.15235579
-0.282705963
-0.780474484
-0.116326764
-0.11435993
-0.85602349
-0.790620208
-1.11175847
-0.29101783
-3.19007468
-3.40492606
-3.50688744
-3.47943735
-3.73377585
-3.83329415
-3.69617963
-3.2155025
-3.52115917
-3.47761416
-3.88780665
-3.85379243
-3.91774392
-0.471097112
-0.326336533
-0.22456485
-0.258455843
-0.165642619
-0.296074241
-0.226293609
-0.236901239
-0.263479263
-0.264309645
-0.202033088
-0.158599943
-0.185153946
-0.582529306
-0.79035002
-0.643422067
-0.83023864
-0.747969389
-0.441280305
-0.420181096
-1.05837727
-0.925814271
-0.610922933
-0.701647282
-0.666908085
-0.592563927
0.0108263073
0.204777867
0.275412798
0.0996450558
0.160017788
0.158796236
0.287565261
0.296752661
0.210749537
0.278168738
0.266013056
0.280740976
0.257093728
0.0623923652
0.0625005141
-0.0415545441
-0.0228410326
0.128170609
-0.0408986025
0.261190206
0.0922718495
0.108940855
-0.149325073
0.107740298
-0.0366702788
-0.000193454325
-0.518384814
-0.470478028
-0.662650049
-0.629823387
-0.526185632
-0.548039973
-0.515734851
-0.57237798
-0.567859769
-0.770134449
-0.57827729
-0.675044179
-0.459161401
0.394499779
0.435843915
0.5959481
0.42941016
0.468863726
0.397061139
0.370865434
0.508412063
0.694340408
0.469302624
0.418310672
0.519044936
0.404073358
0.554215491
0.413120151
0.638188004
0.635200202
0.451086491
0.536580503
0.646347165
-0.0898079276
0.0814779252
0.539361119
0.451324552
0.335049838
0.600071967
0.196168631
0.432687223
0.413744539
0.303291917
0.370533079
0.302821517
0.198358178
0.413028777
0.452595472
0.121309981
0.121060126
0.182803527
0.354418874
-0.30067572
-0.333835006
-0.315139592
-0.305046767
-0.411789119
-0.361972868
-0.351967931
-0.240348831
-0.284705341
-0.273145199
-0.350711882
-0.354639411
-0.398952723
-0.346901834
-0.290596098
-0.223673284
-0.290315062
-0.344154954
-0.368637651
-0.476506501
-0.192276493
-0.186874226
-0.381890893
-0.219984442
-0.211466879
-0.177193537
0.154322535
0.112916082
-0.0873980746
0.0159406457
-0.103133023
-0.0506116636
-0.00109892525
-0.00991655421
-0.0441609174
-0.0733852759
0.0545041189
-0.0589650795
0.0141274212
0.145575359
0.269563735
0.241615236
0.190193504
0.223909855
0.264098108
0.353057981
0.550188601
0.411275029
0.123555206
0.318744779
0.309326828
0.419016391
-0.114188395
-0.195375517
-0.150555149
-0.164688215
-0.112280145
0.0367933176
0.121961251
0.0989065096
0.063370876
-0.0373624302
-0.00345835881
0.0181628969
-0.0460904464
-0.690132499
-0.741474688
-0.675062001
-0.362374336
-0.279551357
0.360206425
1.17601264
3.2918973
2.71941423
1.24299324
1.00599265
0.364147872
0.521250665
0.0791745782
0.160368249
0.199246615
0.200670496
0.208305404
0.340152174
0.263673604
0.504232109
0.399402112
0.456462353
0.320480794
0.375178605
0.232883766
-0.195670083
-0.0579964444
-0.0802949294
-0.18903248
-0.274838865
-0.0586817339
-0.0501037687
-0.158672675
-0.343283653
-0.195629239
-0.196653038
-0.201949701
-0.140011042
0.148838088
0.0697563961
0.1366954
0.239646897
0.0461245142
0.385592967
0.232141957
0.511493623
0.506546617
0.777116716
0.481489629
0.530869246
0.269120723
-0.204751819
-0.236465707
-0.501160264
-0.467189461
-0.610188484
-0.48529315
-0.335961252
-0.940460205
-0.905259788
-0.47880891
-0.264235198
-0.416345358
-0.53470242
0.175545737
0.136761203
0.126511887
0.177353412
0.470596373
1.351794
0.608682394
0.0541489311
0.0990052
0.564917207
0.296909183
0.585712135
0.457093745
0.554467916
0.562514126
0.569856584
0.503797531
0.502610445
0.533951283
0.646481633
0.468813151
0.43496713
0.55800575
0.475035697
0.51237154
0.519063234
7.0045867
7.14230728
5.89989424
5.2817955
3.4233079
0.590942144
0.103844225
-1.62636626
-1.1830076
-0.9144997
-1.0009824
-0.536664963
-0.0108392388
0.488970995
0.616476476
0.655358315
0.473500937
0.362527579
0.649442732
0.651989043
0.69962436
0.657519042
0.442053556
0.455833435
0.342227221
0.451328516
0.417591512
0.49612686
0.261763573
0.156241983
0.0992336795
-0.357201427
-0.806741714
-1.64191175
-1.4031316
-0.747893274
-0.622042
-0.342783272
-0.461367339
-0.508715093
-0.636518955
-0.737415135
-0.509112656
-0.584201038
-0.535951793
-0.712537885
-0.618168473
-0.625965595
-0.733296633
-0.657395124
-0.593725383
-0.598677039
-0.436528355
-0.460699916
-0.503290296
-0.448939443
-0.461808175
-0.520640075
-0.59052366
-0.368563086
-0.376156241
-0.656932652
-0.590978682
-0.676398277
-0.446988523
0.129002288
0.0798757598
0.183925807
0.245408043
0.234324574
0.350941658
0.438258678
0.183823913
0.178771079
0.224602237
0.346237868
0.0313368663
0.266619235
-0.185429633
-0.262624532
-0.477532029
-0.291324198
-0.275518775
-0.201596096
-0.260262638
-0.167130411
-0.21030733
-0.384571671
-0.24480471
-0.556162298
-0.245557547
