0
0
0.0105434265
0
0
0
0
0
0
0
0
0
0
0
0
0.0200580414
0
0.00310952938
0
0
0
0
0
0
0
0
0.19209528
0.131475613
0.0685679018
0.0837390795
0
0
0
0.0756072327
0.0937252194
0.0587799698
0.07500761
0.0735857859
0.0592150688
0.291880548
0.200484067
0.105637893
0.128511533
0
0
0
0.116251118
0.143567666
0.0908805951
0.115347065
0.113203377
0.0915365964
0
0
0
0
0
0
0
0
0
0
0
0
0
0
0
0
0
0
0
0
0
0
0
0
0
0
0
0
0
0
0.00474157743
0
0
0
0.00451242458
0
0
0
0
0
0
0
0
0
0
0
0
0
0
0
0
0
0
0
0
0
0
0
0
0
0
0
0
0
0
0.0810381919
0.00665995432
0
0.0276407562
0
0.0565935001
0.0895913467
0
0
0
0.0357704461
0
0.0719443709
0
0
0
0
0
0
0
0
0
0
0
0
0
0
0
0
0
0
0
0
0
0
0
0
0
0
0
0
0
0
0
0
0
0
0
0
0
0
0
0
0
0
0
0
0
0
0
0
0
0
0
0
0.047002662
0.043466527
0.0432974212
0
1.07833266e-05
0.137651667
0.157733798
0.00762637239
0.00792998355
0.0208150838
0.0209772252
0.00334179495
0.00292300899
0
0
0
0
0
0
0
0
0
0
0
0
0
0
0
0
0
0
0
0
0
0
0
0
0
0
0
0
0
0
0
0
0
0
0
0
0
0
0
0.0439780392
0.0154677806
0.001733004
0.0097116353
0
0.00297002518
0
0.143694237
0.0989933908
0.0497453101
0
0.0218710471
0
0
0
0
0
0
0
0
0
0
0
0
0
0
0
0.00201223185
0
0.0204970706
0
0
0
0.0506222211
0.0501047038
0
0
0
0
0
0.00508225523
0
0.0250080936
0
0
0
0.0574816763
0.0569238141
0
0
0
0
0
0
0
0
0
0
0
0
0
0
0
0
0
0
0
0
0
0
0
0
0
0
0
0
0
0
0
0
0
0
0
0
0
0
0
0
0
0
0
0
0
0
0
0
0
0
0
0
0
0
0
0
0
0
0
0
0
0
0.00360273896
0
0
0
0
0
0.00667680008
0.0242078286
0.0288907401
0.00246695266
0.0332631879
0.0170336645
0.0168559738
0
0.0437704399
0.0268711913
0.0151340617
0
0.00323312543
0
0
0
0
0
0
0
0
0
0
0
0
0
0
0
0
0
0
0
0
0
0
0
0
0
0
0
0
0
0
0
0.0111433361
0
0
0
0.0255692191
0
0.00188378582
0
0.00464453595
0
0
0
0
0
0
0
0
0
0
0
0
0
0
0
0
0
0
0
0.0305956099
0.0259897895
0
0
0
0
0.0100241229
0
0
0
0
0
0.00478713401
0.0454736724
0.0394634195
0
0
0
0
0.0186294205
0
0
0
0
0
0
0
0
0
0
0
0
0
0
0
0
0
0
0
0
0
0
0
0
0
0
0
0
0.00309832324
0
0
0.00803824887
0.0363083035
0
0
0
0.0049868701
0
0.00604829239
0.0131899193
0.00710934494
0.00321156741
0.0284729358
0.0310162939
0
0
0.0233984329
0.00765449554
0.00751289958
0.000921691884
0.0243267473
0
0
0
0
0
0
0
0
0
0
0
0
0
0
0
0
0
0
0
0
0
0
0
0
0
0
0
0
0
0
0
0
0
0
0
0
0
0
0
0
0
0
0
0
0
0
0
0
0
0
0
0
0
0
0
0
0
0
0
0
0
0
0
0
0
0
0.00652443664
0
0.0383834653
0
0
0
0.0440009981
0.00787665974
0
0.000357642362
0
0
0.0319556147
0
0
0
0
0
0
0
0
0
0
0
0
0
0
0
0
0
0
0
0
0
0
0
0
0
0
0.0026273455
0
0
0.0175848901
0
0
0
0
0
0
0
0
0
0.00707520451
0
0
0.0444583334
0
0
0
0
0
0
0
0
0
0
0
0
0
0
0
0
0.000291052507
0.00703610014
0
0
0
0
0.122910194
0.0641393661
0.0596214794
0.0909117907
0.0221370719
0
0
0
0
0
0
0
0
0
0
0.0209228713
0
0
0.00894819107
0.0737577304
0
0
0.0104255676
0.00336534507
0
0
0
0
0.0355355106
0
0
0.0158491749
0.122395851
0
0
0.0182779785
0.00667099608
0
0
0
0
0
0
0
0.236117184
0.46627149
1.15412533
0.969947219
0.530328214
0.494736493
0.273502529
0.277715564
0
0
0
0
0
0.175039604
0.348692656
0.867683232
0.728719592
0.397023946
0.370169699
0.2032471
0.206425875
0
0
0
0
0
0
0
0.00860244315
0.0109050563
0
0
0
0.00330938795
0
0
0
0
0
0
0
0
0
0
0
0
0
0
0
0
0
0
0
0
0
0
0
0
0
0
1.68519509e-05
7.96801032e-05
8.42617374e-05
0.00705672847
0.00794382766
0
0
3.436123e-07
0
2.92734258e-05
0.000100826808
4.51890301e-05
0
0
0.0382119529
0.0754221603
0
0.0431106165
0
0
0.149591938
0.170516491
0
0
0.0140750017
0.0773294717
0
0.0493303463
0.098160699
0
0.0557587817
0
0
0.195492476
0.222951412
0
0
0.0176558252
0.100663625
0.00113792054
0
0.00304644974
0.00873005856
0.00174371735
0.00307897292
0.00240691123
0.0147703299
0.010241271
0.0272385925
0.000566869741
0.00360704586
0
0
0
0
0
0
0
0
0
0
0
0
0
0
0
0
0
0
0
0
0
0
0
0
0
0
0
0
0
0
0
0
0
0.0338696018
0
0
0
0
0
0
0.00575961638
0
0
0.00792673603
0.0226603597
0
0
0.0119803585
0.00947038922
0.0166667644
0
0.0125607578
0
0
0
0
0
0
0
0
0
0
0
0
0
0
0
0
0
0
0
0
0
0
0
0
0
0
0
0
0
0
0
0
0
0
0
0
0
0
0.00224967673
0
0.00278388173
0.0151386838
0
0.0576081797
0.0130819259
0
0
0.0174603481
0.0128256194
0
0
0
0
0
0
0.0166842341
0
0
0.0283222441
0.102723219
0
0
0.0660866722
0.0476347953
0.0130075226
0.0459959246
0.0294175483
0
0
0.0370330885
0.0348079912
0.049602069
0.0260861684
0
0
0.00918672048
0.0173986219
0.0285462812
0.0416990258
0.0376202501
0
0
0.0470340177
0.0442835167
0.0625708625
0.0335022435
0
0
0.0126124006
0.0227633435
0.0365432538
0.0528017022
0
0
0
0
0
0
0
0
0
0
0
0
0
0
0
0
0
0
0
0
0
0
0
0
0
0
0
0
0
0
0
0
0
0
0
0
0
0
0
0
0
0
0
0
0
0
0
0
0
0
0
0
0.0447457209
0.0722824931
0
0.0407367758
0.0315425545
0.0113570271
0
0
0
0
0
0
0
0.0747272819
0.120485462
0
0.0680655763
0.0527874343
0.019244913
0
0
0
0
0
0
0
0
0
0
0
0
0
0
0
0
0
0
0
0
0
0
0
0
0
0
0
0
0
0
0
0
0
0
0
0
0
0
0
0
0
0
0
0
0
0
0
0
0
0
0
0
0
0
0
0
0
0
0
0
0
0
0
0
0
0
0
0
0
0
0
0
0
0
0
0
0
0
0
0
0
0
0
0
0
0
0.00407025823
0
0
0.000617721875
0
0
0
0.0192570575
0
0
0
0.0146860853
0
0.00520323543
0
0
0.00141518994
0
0
0
0.0218658522
0
0
0
0.016850682
0
0
0
0
0
0
0
0
0
0
0
0
0
0
0
0
0
0
0
0
0
0
0
0
0
0
0
0
0
0
0
0
0
0
0
0
0
0
0
0
0
0.0194356218
0
0
0
0.126452744
0
0
0.0431926921
0.0289409999
0.000244302559
0.0216711368
0
0
0
0
0
0
0
0
0
0
0
0
0.00628280686
0.0302592386
0
0
0
0
0
0
0
0
0
0
0
0
0.0263125952
0
0
0
0
0
0
0
0
0.011109978
0.0581588633
0.0646517128
0.0540429838
0
0.0250406843
0.0547832102
0.0760469213
0.162147924
0.172184348
0.25595507
0.0926492661
0.0698656365
0
0
0
0
0
0
0
0
0
0
0
0
0
0
0
0
0
0
0
0
0
0
0.0288862698
0
0
0
0
0
0
0
0
0
0
0
0
0
0
0
0
0
0
0
0
0
0
0
0
0
0
0
0
0
0
0
0
0
0.0431818143
0.00551935099
0.00260615395
0
4.44118905e-06
0
0.00872085523
0.269374609
0.277350634
0.060843382
0.0909525603
0.0278309546
0.0168269537
0
0
0
0
0
0
0
0
0
0
0
0
0
0
0
0.0349222533
0
0
0.0351045914
0.147255599
0.030054817
0.0117012914
0.0967614055
0.067290999
0.0205175392
0.031132374
0
0
0
0
0
0
0
0
0
0
0
0
0
0
0
0
0
0
0
0
0
0
0
0
0
0
0
0
0.00380853959
0
0.0120858029
0.00323707121
0.0034259588
0
0
0
0
0
0.00707391929
0
0
0
0
0
0
0.000403680577
0
0
0
0
0
0
0
0
0
0
0
0
0
0.0473425575
0
0
0
0
0
0
0
0
0
0
0
0
0
0
0
0
0
0
0
0
0
0
0
0
0
0
0
0
0
0
0
0
0
0
0
0
0
0
0
0
0
0
0
0
0
0
0
0
0
0
0
0
0
0
0
0
0
0
0
0
0
0
0
0
0
0
0
0
0
0
0
0
0
0
0
0
0
0
0
0
0
0
0
0
0
0
0
0
0
0
0
0
0
0
0
0
0
0
0
0
0
0
0
0
0
0
0
0
0
0
0
0
0
0
0
0
0
0
0
0
0
0
0
0
0
0
0
0
0
0
0
0
0
0
0
0.126341715
0.0767213181
0.0727313533
0.096063219
0
0.115159288
0.141514823
0.176327005
0
0.0812227204
0.0747961849
0
0.033021681
0.0984200463
0.0598670915
0.0567670576
0.0748949274
0
0.0897317752
0.110208906
0.137256503
0
0.0633644909
0.0583713427
0
0.0259143189
0
0
0
0
0
0
0
0
0
0
0
0
0
0.0332931727
0.0258298442
0
0.0122367721
0
0.0300544742
0.0500664562
0
0
0
0
0
0.00076547853
0
0
0
0
0
0
0
0
0
0
0
0
0
0
0
0
0
0
0
0
0
0
0
0
0
0
0
0.0223538056
0.0372355878
0
0.00631020172
0.0111132096
0
0
0
0
0
0
0.0148341451
0
0.0177591871
0.030069856
0
0.00448742183
0.00846061856
0
0
0
0
0
0
0.0115386909
0
0
0.00460347347
0
0
0.0219118875
0.156165048
0
0
0.0169297233
0.006528656
0
0
0
0
0.000292253564
0
0
0.0114797344
0.0982557237
0
0
0.00825945847
0.00153661624
0
0
0
0
0
0
0
0
0
0
0
0
0
0
0
0
0
0
0
0
0
0
0.0159161072
0
0
0
0
0
0
0
0
0
0
0
0
0
0
0
0
0
0
0
0
0
0
0
0
0
0
0
0
0
0
0
0.0146642635
0.00831709895
0.0217270833
0.0111233424
0.00419278583
0.00436172076
0.00807886757
0.0181024019
0
0.0514495671
9.79202086e-05
0.0162061583
0
0
0
0
0
0
0
0
0
0
0
0
0
0
0
0.0291054063
0.0631770715
0.10969118
0.193907544
0.204895914
0.285634249
0.18166697
0.146862805
0.0160406176
0
0
0
0
0.0290353447
0.0617718287
0.106463172
0.187379301
0.197937071
0.275511444
0.17561841
0.142178118
0.0164825339
0
0
0
0
0
0
0
0
0
0
0
0
0
0
0
0
0
0
0
0
0
0
0
0
0
0
0
0
0
0.0039375904
0
0.00516671734
0.00154397928
0.0174065866
0.0063650962
0.00517829787
0.0200208351
0.0193952527
0.00387962209
0.00348758721
0.00459639961
0.00656821625
0.0117345564
0
0.0156899057
0.00403187703
0.0550779961
0.0195463076
0.0157271717
0.0634906888
0.0614775605
0.0115480125
0.0102864383
0.0138546145
0.0201999526
0
0
0
0
0
0
0
0
0
0
0
0
0
0
0
0
0
0
0
0
0
0
0
0
0
0
0
0.0205774065
0.0146175195
0
0
0
0
0.0574142486
0
0.0279778186
0
0
0
0
0
0
0
0
0
0
0
0
0
0
0
0
0
0
0
0
0
0
0
0
0
0
0
0
0
0
0
0
0
0
0
0
0
0
0
0
0
0
0.342280477
0.405019462
0.405462325
0.345042109
0.339501172
0.361339957
0.370360851
0.258028209
0.258934736
0.243875653
0.231152639
0.355116069
0.352385342
0
0
0
0
0
0
0
0
0
0
0
0
0
0
0
0
0
0
0
0
0
0
0
0
0
0
0
0
0
0
0
0
0
0
0
0
0
0
0
0
0
0
0
0
0
0
0
0
0
0
0
0
0
0
0
0
0
0
0
0
0
0
0
0
0
0
0
0
0
0
0
0
0
0
0
0
0
0
0.332233697
0.21832788
0.131136373
0.116589196
0
0
0
0.0971592218
0.0992119834
0.123347767
0.151060581
0.124010623
0.117885374
0
0
0
0
0
0
0
0
0
0
0
0
0
0
0
0
0
0
0
0
0
0
0
0
0
0
0
0
0
0
0
0
0
0
0
0
0
0
0
0
0
0
0
0.0314105116
0
0
0
0
0
0.020474311
0
0.050359346
0
0
0
0
0
0
0
0
0
0
0
0
0
0.041048497
0.0204573479
0
0
0
0.00744314352
0.0401499048
0
0
0.0384454541
0.0397349149
0.0273972619
0
0
0
0
0
0
0
0
0
0
0
0
0
0
0
0
0
0
0
0
0
0
0
0
0
0
0
0
0
0
0
0
0
0
0
0
0
0
0
0
0
0
0
0
0
0
0
0
0
0
0
0
0
0.00161323044
0
0.0153720723
0
0
0
0
0
0
0
0
0
0
0
0
0
0
0
0
0
0
0
0
0
0
0
0
0
0
0
0
0
0
0
0
0
0
0
0
0.00322841154
0.033545021
0.0344397612
0.00323370984
0.00316837151
5.1053371e-06
9.69253392e-07
3.62944803e-07
4.93393486e-07
0.000547816802
0.00252032815
0.000938195502
1.43608133e-06
0
0
0
0
0
0
0
0
0
0
0
0
0
0
0
0
0
0
0
0
0
0
0
0
0
0
0.0726002008
0
0
0.0572105609
0.0354995839
0.0695932657
0.0755901188
0.0357611813
0
0.0360592008
0.0409061834
0.0328446627
0.0536131188
0.081028901
0
0
0.0639593229
0.0398783684
0.0776937231
0.0843451917
0.0401685201
0
0.0404990762
0.0458751544
0.0369336382
0.0599691793
0
0
0
0
0
0
0
0
0
0
0
0
0
0
0
0
0
0
0
0
0
0
0
0
0
0
0
0
0
0
0
0
0
0
0
0
0
0
0
0
0
0
0
0
0
0
0
0
0
0
0
0
0.0422956683
0.0150011545
0
0.0316063277
0.0335035436
0
0.0473007597
0
0
0.00727201859
0
0
0
0.0427377336
0.0170336924
0.00176470552
0.032671269
0.0344579294
0
0.047451172
0
0
0.009754939
0
0
0
0
0
0
0
0
0
0
0
0
0
0
0
0
0
0
0
0
0
0
0
0
0
0
0
0
0
0
0
0
0
0
0
0
0
0
0
0
0
0
0
0
0
0
0
0
0
0
0
0
0
0
0
0.0212801434
0
0.0139600849
0.00760165695
0
0.032804843
0.0551854596
0.0403804369
0
0
0
0
0
0.0203297324
0
0.0133262724
0.00724285282
0
0.0313559771
0.0527686141
0.0386039205
0
0
0
0
0
0
0
0
0
0
0
0
0
0
0
0
0
0
0
0
0
0
0
0
0
0
0
0
0
0
0
0
0
0
0
0
0
0
0
0
0
0
0
0
0
0
0
0
0
0
0
0
0
0
0
0
0
0
0
0
0
0
0
0.00968662836
0.0242688935
0
0
0
0
0
0
0
0
0
0
0
0
0
0
0
0
0
0
0.312583447
0.299466014
0.255248874
0.23467423
0.167924166
0.0681507513
0.037413802
0
0
0
0
0
0
0.221065104
0.211703077
0.180144936
0.165460631
0.117820561
0.0466114394
0.0246742181
0
0
0
0
0
0
0
0
0
0
0
0.0399303958
0.0768111646
0
0
0
0
0
0
0
0.00627726549
0
0.00644460507
0
0.0479982793
0.0856358632
0
0
0.00598503463
0
0
0
0.0194443967
0.0608147681
0.0482935756
0
0
0
0
0
0
0
0
0
0
0
0
0
0
0
0
0
0
0
0
0
0
0
0
0
0
0
0
0
0.00441990513
0.00321413577
0
0
0.00331462361
0.001434203
0
0
0
0
0
0
0
0
0
0
0
0
0
0
0
0
0
0
0
0
0
0
0
0
0
0
0
0
0
0
0
0
0.014581562
0
0
0
0
0
0
0
0.115040861
0.0775836632
0.0521176606
0.099040553
0.0419817977
0
0
0.104044147
0.0667292178
0
0
0
0
0
0
0
0
0
0
0
0
0
0
0
0
0
0.0388808697
0.0846456513
0.00864577945
0.085508354
0
0.0988203213
0.0953209996
0.153764054
0
0.107086137
0
0
0
0.0423638932
0.0905252546
0.0105454689
0.0914331377
0
0.105442218
0.101759642
0.163263202
0
0.114140891
0
0
0
0
0
0
0
0
0
0
0
0
0
0
0
0
0
0
0
0
0
0
0
0
0
0
0
0
0
0
0.0509837456
0.0983301178
0.140541777
0.239418373
0.26230216
0.408077806
0.280837804
0.217886701
0.0314356461
0
0
0
0
0.047342021
0.0909854546
0.129895762
0.221039265
0.242133304
0.376507908
0.259219289
0.201191574
0.0293227695
0
0
0
0
0
0
0
0
0
0
0
0
0
0
0
0
0
0.00329863094
0
0
0
0
0
0
0
0
0
0
0
0
0
0
0
0
0
0
0
0
0
0
0
0
0
0
0
0
0
0
0
0
0
0
0
0
0
0.0241474397
0.0816147774
0.0540925823
0.0532655194
0.0216742661
0.0634212568
0.0849861801
0
0
0
0
0
0
0
0
0
0
0
0
0
0
0
0
0
0
0
0
0
0
0
0
0
0
0
0
0
0
0
0
0
0
0
0
0
0
0
0
0
0
0
0
0
0.0193009768
0
0.00613416219
0.000253045262
0
0.0198439173
0
0.0221849289
0
0.0722607002
0.00494618202
0
0.0159618556
0.0165621899
0
0.00445521576
0
0
0.0170614291
0
0.0192140043
0
0.0652590171
0.0033628603
0
0.0134918466
0
0
0
0
0
0
0
0
0
0
0
0
0
0
0
0
0
0
0
0
0
0
0
0
0
0
0
0
0
0
0
0
0
0
0
0
0
0
0
0
0
0
0
0
0
0
0
0
0
0
0
0
0
0
0
0
0
0
0
0
0
0
0
0
0
0
0
0
0
0
0
0
0
0
0
0
0
0
0
0
0
0
0
0
0
0
0
0
0
0
0
0.00456020469
0.0372195877
0.0545575097
0
0
0.0665755421
0.0521077923
0.0250192676
0.0118126431
0.047652211
0
0.0239251927
0.0159268081
0
0
0
0
0
0
0
0
0
0
0
0
0
0
0
0
0
0
0
0
0
0
0
0
0
0
0
0.0626548752
0
0.018186897
0
0.0210910272
0
0.000851190765
0.0386713669
0
0.0354474187
0
0
0.00079643057
0.0611712188
0
0.0188195724
0
0.0215854906
0
0.00230891397
0.0383291431
0
0.0352586284
0
0
0
0
0
0
0
0
0
0
0
0
0
0
0
0
0
0
0
0
0
0
0
0
0
0
0
0
0.000351486728
0
0.00179150945
0
0
0
0
0.0519775301
0.0352032222
0
0
0
0
0
0
0
0
0
0
0
0
0
0
0
0
0
0
0
0
0
0
0
0
0
0
0
0
0
0
0
0
0
0
0
0
0
0
0
0
0
0
0
0
0
0
0
0
0
0
0
0
0
0
0
0
0
0
0
0
0
0
0
0
0
0
0
0
0
0.0929988176
0.0164271537
0.0172416475
0.220031649
0.133015975
0.024520224
0
0.0257516541
0.0517635904
0
0
0.0413526967
0.0091322083
0
0
0
0
0
0
0
0
0
0
0
0
0
0
0
0
0
0
0
0
0
0
0
0
0
0
0
0
0
0
0
0.157657266
0.359279275
0.817485511
0.703536928
0.352051079
0.28149727
0.143762439
0.196875155
0
0
0
0
0
0
0
0
0
0
0
0
0
0
0
0
0
0
0
0
0
0
0
0
0
0
0.138094783
0.0571087189
0.124509387
0.113264598
0
0.10635554
0.180556163
0.096696347
0.021238979
0.0775520876
0.0949615389
0
0.0819582194
0.0728130937
0.0288816132
0.0654435977
0.0593437813
0
0.055595912
0.0958465859
0.0503562093
0.00942380726
0.0399712659
0.0494151488
0
0.0423614047
0
0
0
0
0
0
0
0
0
0
0
0
0
0
0
0
0
0
0
0
0
0
0
0
0
0
0
0
0
0
0
0
0
0
0
0
0
0
0
0
0
0
0
0
0
0
0
0
0
0
0
0
0.0233876221
0
0
0.00572965108
0
0.00910176337
0.00912335794
0.105885088
0.107644022
0.0169413164
0.0296688024
0.00249419245
0
0.0288544688
0
0
0.00487396959
0
0.00945348386
0.00948281121
0.140890583
0.143279314
0.0201000292
0.0373846591
0.000480037736
0
0
0
0
0
0
0.0267029442
0.0820998773
0
0
0
0
0
0
0
0
0
0
0
0.0141694071
0.0624667481
0
0
0
0
0
0
0
0
0
0
0
0
0
0
0
0
0
0
0
0
0
0
0
0
0
0
0
0
0
0
0
0
0.0340803899
0.0332661122
0
0.0167656168
0.0203555953
0
0
0
0.00600127783
0
0
0.0224059988
0
0.0445985273
0.0435586497
0
0.0224865843
0.0270711891
0
0
0
0.00873991475
8.95352932e-05
0
0.0296896715
0
0
0
0
0
0
0
0
0
0
0
0
0
0
0
0
0
0
0
0
0
0
0
0
0
0
0
0
0
0
0
0
0
0
0
0
0
0
0
0
0
0
0
0
0
0.00317196734
0.0402598679
0.0949150026
0.0753468871
0.0357793197
0.0358437523
0
0.00170106534
0
0
0
0
0
0
0
0
0
0
0
0
0
0
0
0
0
0
0
0
0
0
0
0
0
0
0
0
0
0.016265884
0
0.0079098437
0
0.277609766
0.184417441
0
0
0.0258702878
0.0639968663
0
0
0
0.00757266348
0
0.00309566478
0
0.14759548
0.0976648927
0
0
0.0127185108
0.0331459641
0
0
0
0
0
0
0
0
0
0
0
0
0
0
0
0
0
0
0
0
0
0
0
0
0
0
0
0
0
0
0
0
0
0
0
0
0
0
0
0
0.00468519749
0
0.00386014371
0
0
0
0
0
0
0
0
0
0
0
0
0.000553144433
0
0
0.0018046425
0
0
0.000847246323
0
0
0
0
0
0.00688297627
0
0
0
0
0
0
0
0.0137859322
0
0.0212593134
0
0
0
0
0
0
0
0
0
0
0
0
0
0.0267611295
0
0.0183731038
0.000734122004
0
0
0
0.0703835636
0.0394579247
0
0
0
0.00537657365
0
0
0
0
0
0
0
0
0
0
0
0
0
0
0.0395517461
0
0
0
0
0
0
0
0
0
0
0
0
0
0
0
0
0
0
0
0
0
0
0
0
0
0
0
0
0
0
0
0
0
0
0
0
0
0
0
0
0
0
0
0
0
0
0
0
0
0
0
0
0
0
0
0
0
0
0
0
0
0
0
0
0
0
0
0
0
0
0
0
0
0
0
0
0
0
0
0
0
0
0
0
0
0
0
0
0
0
0
0.0513192415
0.0114668831
0
0.031573832
0.0834075287
0.0099481428
0.0492617004
0
0.0091732135
0
0.032112129
0
0
0
0
0
0
0
0
0
0
0
0
0
0
0
0
0
0
0
0
0
0.00349972374
0
0
0
0
0
0
0
0
0
0
0
0
0.0035033552
0
0
0
0
0.0605517402
0.0642683804
0
0.0374562219
0.0217389781
0
0
0.00377039728
0.00776907289
0
0
0.0131465578
0
0
0
0
0
0
0
0
0
0
0
0
0
0
0
0
0
0
0
0
0
0
0
0.00332469167
0
0
0
0
0
0
0
0
0
0
0
0
0
0
0
0
0
0
0
0
0
0
0
0
0
0
0
0
0
0.0858805254
0.0393664464
0.00121963548
0.06335783
0.0107702874
0
0
0.027365664
0.016175529
0
0
0
0
0.0391805917
0.00263144006
0
0
0
0.0514459498
0.0733741149
0
0
0
0
0
0
0.0193173327
0.00124829274
0
0
0
0.0253810342
0.0362218022
0
0
0
0
0
0
0
0
0
0
0
0
0
0
0
0
0
0
0
0
0
0
0
0
0.00835372228
0.0187101159
0
0
0
0.00524739176
0
0.0325460359
0.111717619
0.0931701288
0.0830214769
0.0948694795
0.0761487857
0.139016867
0.15638718
0.250361115
0.216890752
0.0939273536
0.129357979
0.0469260849
0.130154133
0.155978441
0.129972264
0.11574243
0.13235499
0.106105961
0.194255814
0.218611419
0.35037604
0.303445905
0.131034002
0.180712685
0.0651316419
0.181829035
0
0
0
0
0
0
0
0
0
0
0
0
0
0
0
0
0
0
0
0
0
0
0
0
0
0
0
0
0
0
0
0
0
0
0
0
0
0
0
0
0
0
0
0
0
0
0
0
0
0
0
0
0.00529123098
0.00494624954
0.0387981758
0.00531144766
0.00567935128
0.00553944707
0.214224845
0.00558544463
0.00514952838
0.0741825104
0.0590708144
0.0136902686
0.0245597288
0
0
0.0326274782
0
0
0.00571447331
0.156627119
0
0
0.0574977733
0.0466404743
0.0141251916
0.0221121572
0.00797549728
0.00830973126
0.0129674403
0
0
0
0.0668527931
0.0708512887
0.041927021
0.0584667623
0.00579522131
0.0145179844
0.00728593813
0.00393148465
0.00402911101
0.00538957259
0
0.00160152756
0
0.0211288538
0.0222967677
0.0138483271
0.0186793916
0.00329465186
0.0058424687
0.00373007287
0
0
0
0
0
0
0
0
0
0
0
0
0
0
0
0
0
0
0
0
0
0
0
0
0
0
0
0
0
0.000631423958
0.00239512022
0
0
0.00848176982
0.00809885468
0.00248199725
0
0
0
0
0
0
0
0
0
0
0
0
0
0
0
0
0
0
0
0
0
0
0
0
0
0
0
0
0
0
0
0
0
0.0107481126
0
0
0.103198089
0.134219989
0
0.03162219
0
0.0165572632
0.0149540715
0.01281441
0.00655472931
0
0
0.0264211521
0.0347449295
0
0
0.0173652116
0.00692717871
0
0.00606004195
0
0
0
0.0403902009
0.0626297742
0
0
0.0531348027
0.0353858322
0
0
0.0195120126
0.000578489096
0
0
0
0
0
0
0
0
0
0
0
0
0
0
0
0
0
0
0
0
0
0
0
0
0
0
0
0
0
0
0
0
0
0
0
0
0
0
0
0
0
0
0
0
0
0
0
0
0
0
0
0
5.24973814e-07
0.0477374531
0.0524745136
0.0828580409
0.0824242681
0.0672839954
0.0660972819
0.0042242771
0.00592723815
4.3505014e-07
0
2.55646633e-08
0
0
0
0
0
0
0
0
0
0
0
0
0
0
0
0
0.0879247114
0.0822624788
0.176487833
0.144855291
0.224808738
0.157668069
0.104977094
0.00512675522
0
0
0
0
0
0
0
0
0
0
0
0
0
0
0
0
0
0.00123812398
0.000595380785
0.0355307572
0.0366662219
0.00154534727
0.00155151519
0
0
0.00380452024
0.00375812151
1.23711891e-06
1.77748996e-06
0.0670667812
0.0188043285
0
0.0866527408
0.027694989
0.0445259772
0.0100219864
0
0
0
0
0.00665064575
0
0
0
0
0
0
0
0
0
0
0
0
0
0
0
0
0
0
0
0
0
0
0
0
0
0
0
0.0058090575
0
0
0
0
0
0
0
0
0.00980902463
0
0
0
0.00864892919
0
0.000978849246
0
0
0
0
0
0
0.0134730702
0
0
0
0
0
0
0
0
0
0
0
0
0
0
0
0
0
0
0
0
0
0
0
0
0
0
0
0
0
0
0
0
0
0
0
0
0
0
0
0
0
0
0.133861735
0.0411045961
0.0615612715
0.0060722651
0
0
0
0.131184995
0.103098124
0.054959897
0.106428459
0.049326092
0.068551898
0
0
0
0
0
0
0
0
0
0
0
0
0
0
0
0
0
0
0
0
0
0
0
0
0
0
0
0
0
0
0
0
0
0
0
0
0
0
0
0
0
0
0
0
8.51740115e-05
0
0
0
0
0
0
0.000490091858
0
0
0
0
0
0
0
0
0
0
0
0
0
0
0
0
0
0
0
0
0
0
0
0
0
0
0
0
0
0
0
0
0
0
0
0
0
0
0
0
0
0
0
0
0
0.00771884434
0
0
0
0
0
0
0.0108516281
0.0107292328
0.010927001
0.0131613864
0.0158002302
0.00622370467
0
0.00911672693
0.0302337706
0.00772534683
0
0.00124667236
0
0
0
0
0
0
0
0.0482870899
0
0
0
0.0203112606
0.0034760558
0.0123023661
0
0.022139769
0.0153064383
0
0.0123793436
0
0
0
0.00437431643
0
0.000682682672
0
0.0126839466
0
0
0
0
0
0
0.0038686248
0
0
0
0
0
0
0.00402715662
0.00112138083
0.00440189894
0.00417552469
0.00435930816
0.00690883817
0.00917244703
0.0024038977
0.0019787685
0.0113009783
0.00430850917
0.00919780228
0.00350805512
0
0
0
0
0
0
0
0
0
0
0
0
0
0
0
0
0
0
0
0
0
0
0
0
0
0
3.63826875e-05
0
0
0.00494536851
0.0112338178
0.012677351
0.0159744732
0
0
0.00368713262
0.00540549029
0.0061361203
0.016299732
0
0
0
0
0
0
0
0
0
0
0
0
0
0
0
0
0
0
0
0
0
0
0
0
0
0
0
0
0
0
0
0
0
0
0
0
0
0
0
0
0
0
0
0
0
0
0
0
0
0
0
0
0
0
0
0
0
0
0
0
0
0
0
0
0
0
0
0
0
0
0
0
0
0
0
0
0
0
0
0
0
0
0
0
0.143601865
0
0
0.0247419029
0.0142279062
0
0
0
0
0
0
0
0
0
0
0
0
0
0
0
0
0
0
0.0066542183
0
0.0121103618
0
0.118972979
0.100198582
0
0.0133769037
0
0.0115944054
0
0
0
0
0
0
0
0
0
0
0
0
0
0
0
0
0
0
0
0
0
0
0
0
0
0
0
0
0
0
0
0
0
0
0
0
0
0
0
0.0037476772
0.0797477588
0.0163987316
0.0690892488
0.117060252
0.160717502
0.132745728
0.0709721968
0.0489597917
0
0
0
0
0.00565829873
0
0
0
0
0
0
0
0
0.0274635069
0.0536402017
0.0411013886
0.0397348776
0
0
0
0
0
0
0
0
0
0
0
0
0
0
0
0
0
0
0
0
0
0
0
0
0
0
0.109478988
0.0834712312
0.0328306817
0.0803915784
0
0.0991679505
0.114321195
0.163200319
0
0.0391535424
0.031890586
0
0.041243162
0.1043128
0.0795858875
0.0314392895
0.0766578987
0
0.0945095718
0.108916543
0.155388445
0
0.0374507606
0.0305454936
0
0.0394374728
0
0
0.0209414829
0
0
0
0.0499305613
0
0
0
0
0
0
0
0
0.00806828216
0
0
0
0.0158978142
0
0
0.00165345415
0
0
0.00223838678
0
0
0
0
0
0
0
0
0
0
0
0
0
0
0
0
0
0
0
0
0
0
0
0
0
0
0
0
0
0
0
0
0
0
0
0
0
0
0
0
0
0
0
0
0
0
0
0
0
0
0
0
0
0
0
0
0
0
0
0
0
0
0
0
0
0
0
0
0
0
0
0
0
0
0
0
0
0
0
0
0
0
0
0
0
0
0
0
0
0
0
0
0
0
0
0
0.0468968749
0.0192952715
0.0191293936
0
0
0
0
0.0110640023
0
0
0
0
0
0
0
0
0
0
0
0
0
0.0795142278
0.0335802585
0.0010921848
0.0333835743
0
0
0
0
0
0
0
0
0
0
0
0
0
0.00215091952
0
0
0.0873276517
0
0
0
0
0
0
0
0
0
0
0
0
0
0
0
0
0
0
0
0.0171698909
0.0123325707
0
0.0180669483
0
0
0
0.00298792473
0
0
0
0.0135461912
0
0
0
0
0
0
0
0
0
0
0
0
0
0
0
0
0
0
0
0
0
0
0
0
0
0
0
0
0
0
0
0.00103505782
0.0285281111
0
0
0.0176342111
0.0130300913
0.00899289921
0.0390348919
0
0
0
0
0
0
0
0
0
0
0
0
0
0
0
0
0
0
0
0
0
0
0
0
0
0
0
0
0
0
0
0
0
0
0.10327094
0
0
0
0
0.0654845461
0.0229228009
0.0397775657
0.0209037736
0.0519084074
0.0468807109
0.0792533457
0.0507883653
0.10753306
0.0127256392
0.0373619869
0.047207918
0.0557799935
0
0
0
0
0
0
0
0
0
0
0
0
0
0
0
0
0
0
0
0
0
0
0
0
0
0
0.0210354477
0.0102325901
0.0032466331
0.0168351252
0
0.0580252074
0
0
0.0102157304
0
0.0244018566
0
0.0200081356
0
0
0
0
0
0
0
0
0
0
0
0
0
0
0
0
0
0
0
0
0
0
0
0
0
0
0
0
0
0
0
0
0
0
0
0
0
0
0
0
0
0
0
0
0
0
0
0
0
0
0
0
0.0101206684
0.0252465699
0.0242569651
0.0119788302
0.0149049656
0.019934874
0.0122949025
0.0279031228
0.0236987732
0.0286366381
0.00979065057
0.0152930254
0.0199603401
0
0
0
0
0
0
0
0
0
0
0
0
0
0
0
0
0
0
0
0
0
0
0
0
0
0
0
0
0
0
0
0
0
0
0
0
0
0
0
0
0
0
0
0
0
0
0
0
0
0
0
0
0
0
0
0
0
0
0
0
0
0
0
0
0
0
0
0
0
0
0
0
0
0
0
0
0
0
0
0
0
0
0
0
0
0
0
0
0
0
0
0.0779647902
0.0406419486
0
0.0264210496
0
0
0
0.0550629906
0.0408851691
0
0
0
0
0
0
0
0
0.00700734323
0
0
0
0
0
0
0
0
0
0
0
0
0.0156526528
0
0
0
0
0
0
0
0
0
0
0
0
0
0
0
0
0
0
0
0
0
0
0
0
0
0
0
0
0
0
0
0
0
0
0
0
0
0
0
0
0
0.0037303206
0.000288279349
0
0
0
0
0
0
0
0
0
0
0
0.00113350211
0
0
0
0
0
0.0487384498
0.0217969194
0.0455621779
0.0570986494
0.0554506183
0.00384011725
0
0.135060623
0.0809041634
0
0
0
0.0484133698
0.0557981692
0.0243126117
0.0520861819
0.0655684173
0.0636424273
0.00332717085
0
0.15667966
0.0933890268
0
0
0
0.0554182604
0.104483083
0
0.0253874436
0
0
0
0
0.0947210863
0.0323342234
0
0
0
0
0.0940285251
0
0.0252562054
0
0
0
0
0.0855406299
0.0312963128
0
0
0
0
0
0
0
0
0
0
0
0
0
0
0
0
0
0.0374848284
0.101632714
0.0999694839
0.00286017288
0.00376064237
0.14706704
0.16592972
0.0662299469
0.0667811036
0.0589242838
0.0605061166
0.0287327096
0.0315821506
0
0
0
0
0
0
0
0
0
0
0
0
0
0
0
0
0
0
0
0
0
0
0
0
0
0
0
0
0
0
0
0
0
0
0
0
0
0
0
0.015717499
0.00989383832
0.0301153939
0.0209078211
0
0
0.0705587566
0.0494210012
0.0173281077
0.104465581
0.0440178365
0.0645757169
0
0
0
0
0
0
0
0
0
0
0
0
0
0
0
0
0
0
0
0
0
0
0
0
0
0
0
0.116684966
0
0
0.0627048388
0.0299893469
0
0.0796815977
0
0.0150134722
0.0415581539
0.0263214577
0.00852996763
0
0.042767141
0
0
0.0225558281
0.0103064496
0
0.0289122891
0
0.00469916221
0.0146380579
0.00893311389
0.00227159937
0
0
0
0
0
0
0
0
0
0
0
0
0
0
0
0
0
0
0
0
0
0
0
0
0
0
0
0
0
0
0
0
0
0
0
0
0
0
0
0
0
0
0
0
0
0
0
0
0
0
0
0
0
0
0
0
0
0
0
0
0
0
0
0
0
0
0
0
0.00592724979
0.00392646436
0
0
0
0.126901537
0.100736246
0
0.000515567721
0
0
0
0
0
0
0
0
0
0
0
0
0
0
0
0
0.0560154989
0.0853301734
0
0.0720826089
0
0
0.177800506
0.198036924
0
0.0595796034
0.0275613759
0.0736528113
0
0
0
0
0
0
0
0
0
0
0
0
0
0
0
0
0
0
0
0
0
0
0
0
0
0
0
0
0
0
0
0
0
0
0
0
0
0
0
0
0
0
0
0
0
0
0
0
0
0
0
0
0
0
0
0
0
0
0
0
0
0
0
0
0
0
0
0
0
0
0
0
0
0
0
0
0
0
0.0180954915
0.0286314264
0.0415493809
0.00674540922
0.0208118558
0
0
0.0872930959
0.081850864
0
0
0
0.0234220624
0.0182314143
0.0286654197
0.0414584018
0.00699113775
0.0209214985
0
0
0.0867595673
0.0813699886
0
0
0
0.0235064551
0
0
0
0
0
0
0
0
0
0
0
0
0
0
0
0
0
0
0
0
0
0
0
0
0.00601494778
0
0
0
0
0
0
0
0
0
0
0
0
0
0
0.0769862831
0.0161191095
0.0154115492
0.0774575695
0.0758450627
8.3993325e-07
6.8220902e-07
0.00653673755
0.00561146811
0.00533906976
0.00645342423
0
4.53264192e-06
0
0
0
0
0
0
0
0
0
0
0
0
0
0
0
0
0
0
0
0
0
0
0
0
0
0
0
0
0
0
0
0.00768794306
0
0
0
0
0
0
0
0
0
0
0
0
0
0
0
0
0
0
0
0
0.0344265774
0.024289107
0.014326781
0.0139396945
0
0
0
0.0130477836
0.0135322819
0.01123136
0.014605605
0.0115293534
0.0107835606
0.293493509
0.208647653
0.12526767
0.122027941
0
0
0
0.11456307
0.118618093
0.0993604586
0.127601311
0.101854526
0.0956125855
0
0
0
0
0
0
0
0
0
0
0
0
0
0
0
0.0195133518
0.010432777
0.0346248522
0
0.0231256559
0.00587466545
0.0416132994
0.0298015121
0.00581260957
0.0121188276
0.011938978
0.672156215
0.648830891
0.527623534
0.508175313
0.347936749
0.103543438
0.0762892067
0
0
0
0
0
0.0269806422
0.630082428
0.608097434
0.493854702
0.475523949
0.324492723
0.094142355
0.0684541613
0
0
0
0
0
0.0219788812
0
0
0
0
0
0
0
0
0
0
0
0
0.00738698198
0
0
0
0
0
0
0
0
0
0
0
0
0.0101616718
0
0
0
0
0
0
0
0.0051356866
0.0054918197
0
0
0
0
0
0
0
0
0
0
0
0.00275654485
0.00307660084
0
0
0
0
0
0
0
0
0
0
0
0
0
0
0
0
0
0
0
0
0
0
0
0
0
0
0
0
0
0
0
0
0
0
0
0
0
0
0
0
0
0
0
0
0
0
0
0
0
0
0
0
0
0
0
0
0
0
0
0
0
0
0
0
0
0
0
0
0
0
0
0
0
0
0.0333046317
0.0421201922
0
0
0
0
0
0
0.0824368373
0.0102100354
0
0.0493610837
0.0268785134
0.0273334142
0
0
0.00798620842
0
0
0
0
0
0
0.0202198047
0
0
0
0.0248050727
0.0282715857
0
0.0212596525
0.01667317
0.0222301893
0.0133078033
0
0
0
0
0
0
0
0
0
0
0
0
0
0
0
0
0
0
0
0
0
0
0
0
0
0
0
0
0
0
0
0
0
0
0
0
0
0
0
0
0
0
0
0
0
0
0
0
0
0
0
0
0.020118406
0.00586716179
0
0.00808486436
0
0.0192355104
0.0282651186
0
0
0
0.0119108362
0
0.0168184116
0.0306018852
0.00906302873
0
0.0124147907
0
0.0292675048
0.0429145582
0
0
0
0.0181972384
0
0.0256143827
0
0
0
0
0
0
0
0
0
0
0
0
0
0
0
0
0
0
0
0
0.159656569
0.101568691
0
0
0.0155752832
0
0
0
0
0
0
0
0
0
0
0.000260326313
0.000268171629
0
0
0
0
0
0
0
0
0
0
0
0
0
0
0
0
0
0
0
0.0109550059
0
0
0
0
0
0
0
0.00734994933
0
0
0
0
0
0
0
0
0
0
0
0
0
0
0
0
0
0
0
0
0
0
0
0
0
0
0
0
0
0
0
0
0
0
0
0
0
0
0.00029450428
0
0
0
0
0
0
0
0
0
0
0
0
0
0
0
0
0
0
0
0
0
0
0
0
0
0
0
0.0144790784
0.00092952745
0
0
0.0118293194
0.054957442
0.150527209
0.0831813142
0
0.0383222587
0.0337563939
0.0869343579
0
0
0
0
0
0
0
0
0
0
0
0
0
1.07450637e-06
0
0
0
8.62968477e-07
8.72830697e-08
0
3.01624277e-06
3.8698127e-07
9.04613557e-08
8.19028514e-07
0
1.64920652e-06
0.0199702121
0
0.00828743819
0.00374720828
0.0205832347
0.0684728995
0.0958329886
0.0884266794
0.0770109072
0.0446504578
0.0555420965
0.0624878965
0.041846592
0
0
0
0
0.000655639858
0.172244251
0.391050577
0.958549261
0.805004358
0.409015357
0.345449746
0.173301384
0.215437725
0
0
0
0
0.002813495
0.104692303
0.234606102
0.571552098
0.480386496
0.245272487
0.207531124
0.105319962
0.130337939
0
0
0
0
0
0
0
0
0
0
0
0
0
0
0
0
0
0
0
0
0
0
0
0
0
0
0
0
0
0
0
0
0
0
0
0
0
0
0
0
0
0
0
0
0
0
0
0
0
0
0
0
0
0
0
0
0.0044782348
0
0
0
0
0
0
0
0
0
0
0
0
0.00233456865
0
0
0
0
0
0
0
0
0
0
0
0
0
0
0
0
0
0
0
0
0
0
0
0
0
0
0
0
0
0
0
0
0
0
0.025044011
0.0319984034
0.0338361934
0.024719879
0
0
0
0.0468114801
0.0387683734
0
0.00328252348
0
0
0.0244889222
0.0318406075
0.0337833874
0.0241462756
0
0
0
0.0474999286
0.0389973335
0
0.00148423982
0
0
0
0
0
0
0
0
0
0
0
0
0
0
0
0
0
0
0
0
0
0
0
0.0240252111
0
0
0
0
0.89005661
0.907292724
0.751801431
0.674444735
0.441850066
0.087372005
0.0264104083
0
0
0
0
0
0.0120574692
0.923301935
0.941152632
0.780116796
0.700001717
0.45911321
0.0919951275
0.0288597625
0
0
0
0
0
0.0139950244
0
0
0
0
0
0
0
0
0
0
0
0
0
0
0
0
0
0
0
0
0
0
0
0
0
0
0
0
0
0
0
0.105066076
0.278144658
0.599695444
0.507762134
0.255487263
0.207032964
0.0995149091
0.14517124
0
0
0
0
0
0.119561575
0.312363476
0.670556903
0.568147242
0.287124157
0.233148217
0.113377817
0.164236963
0
0
0
0
0
0
0
0
0
0
0
0
0
0.0454772525
0
0
0.0452652052
0.00521526951
0.0309499986
0
0
0
0
0
0.000135263472
0
0.00863337331
0.00541213434
0
0.00697940122
0.00526444148
0
0
0.0176908076
0.0166789014
0
0
0
0.00723939203
0.0632724091
0.0438569561
0.00964685064
0.0533033833
0.0429667607
0
0
0.117864527
0.111765429
0
0
0
0.0548704304
0
0
0
0
0
0
0
0
0
0
0
0
0
0
0
0
0
0
0
0.0271231923
0
0
0
0
0
0
0.0668159425
0.0453484543
0
0.0373672321
0.0417626351
0.0623201318
0.0460052826
0.071904853
0.0598975867
0.0114356102
0.0503040515
0
0.0500946902
0
0
0
0
0
0
0
0
0
0
0
0
0
