0
0
5.18330216e-06
0
0
0
0
0
0
0
0
0
0
0
0
0
0
0
0
0
0
0
0
0
0
0
0
0
0
3.46546403e-05
0
0
0
0
5.27723932e-06
0
0
3.33104108e-05
2.48728338e-05
7.72904532e-05
4.80558592e-05
2.07562862e-05
0
0
0
0
1.2641598e-05
0
3.31434021e-05
3.42629173e-05
0
0
0
0
0
0
0
0
0
0
0
0
0
0
0
0
0
0
0
0
0
0
0
0
0
0
0
0
0
0
0
0
0
0
0
0
0
0
0
0
0
0
0
0
0
0
0
0
0
0
0
0
0
0
0
0
0
0
0
0
0
0
0
0
0
0
0
0
6.99680527e-08
0
2.38595339e-06
0
4.9152286e-06
0
0
0
0
0
0
0
0
0
0
0
0
0
0
0
0
0
0
0
0
0
0
0
0
0
0
0
0
0
0
0
0
0
0
0
0
0
0
0
0
0
0
0
0
0
0
0
0
0
0
0
0
0
0
0
0
0
0
0
0
0
0
0
1.92444483e-09
0
0
0
0
0
0
1.35594433e-07
1.65518159e-07
0
0
0
0
0
0
0
0
0
0
0
0
0
0
0
0
0
0
0
0
0
0
0
0
0
0
0
0
0
0
0
0
0
0
0
0
0
0
0
0
1.04699431e-07
2.53543078e-07
2.01991679e-06
0
0
0
0
0
0
0
6.03874787e-06
0
0
0
0
0
0
0
0
0
0
0
0
0
0
0
6.44546674e-07
0
1.28897764e-05
0
0
0
0
7.26337657e-06
0
0
0
0
0
3.83293383e-07
0
0
0
0
0
0
3.67718712e-06
0
0
0
0
0
0
0
0
0
0
0
0
0
0
0
0
0
0
0
0
0
0
0
0
0
0
0
0
0
0
0
0
0
0
0
0
0
0
0
0
0
0
0
0
0
0
0
0
0
0
0
0
0
0
0
0
0
0
0
0
0
0
0
0
0
0
0
0
0
4.74462558e-06
0
0
0
2.29637772e-05
1.01826472e-05
0
1.29665123e-05
0
1.84110013e-06
0
0
0
0
0
0
0
0
0
0
0
0
0
0
0
0
0
0
0
0
0
0
0
0
0
0
0
0
0
0
0
0
0
0
0
0
0
2.87111948e-06
0
0
0
0
0
0
0
0
0
0
0
0
0
0
0
0
0
0
0
0
0
0
0
4.50809921e-06
0
0
0
0
0
1.38188148e-06
0
0
0
0
0
0
0
0
0
0
0
0
0
0
0
0
0
0
0
0
0
0
0
0
0
0
0
0
0
0
0
0
0
0
0
0
0
0
0
0
0
0
0
0
3.0100357e-06
0
0
0
0
2.13238241e-06
0
0
2.43279089e-07
1.91149547e-06
4.82893256e-07
0
0
0
0
4.99813325e-07
0
5.14247631e-07
1.50490209e-07
4.72530928e-06
0
0
0
0
0
0
0
0
0
0
0
0
0
0
0
0
0
0
0
0
0
0
0
0
0
0
0
0
0
0
0
0
0
0
0
0
0
0
0
0
0
0
0
0
0
0
0
0
0
0
0
0
0
0
0
0
0
0
0
0
0
0
0
0
0
0
1.7057713e-06
0
2.41616567e-06
0
0
0
0
6.73296256e-07
0
1.08533712e-07
0
0
0
0
0
0
0
0
0
0
0
0
0
0
0
0
0
0
0
0
0
0
0
0
0
0
0
0
0
4.2852156e-07
0
0
6.6746843e-06
0
0
0
0
0
0
0
0
0
6.54267353e-07
0
0
0
0
0
0
0
0
0
0
0
0
0
0
0
0
0
0
0
0
0
0
0
0
0
3.28823735e-05
1.84343335e-05
0
0
0
0
0
0
0
0
0
0
0
0
0
0
0
0
4.28551857e-06
6.72338501e-06
0
0
0
0
0
0
0
0
0
0
0
0
0
0
0
5.20278854e-06
0
0
0
0
0
0
0
0
0
0
3.99903874e-05
0
9.59707759e-05
6.37531266e-05
0
0
0
0
0
0
0
0
8.78724404e-06
0
5.35695071e-05
0
8.47296396e-05
7.38495291e-05
2.73800633e-05
0
0
0
0
0
0
0
1.73239101e-07
3.73674396e-07
0
0
0
2.96159754e-07
0
0
0
0
0
0
0
0
0
0
0
0
0
0
0
0
0
0
0
0
0
0
0
0
0
0
2.34679742e-09
5.24656443e-08
5.86726934e-08
1.24950498e-06
0
0
0
9.7569175e-13
0
7.08145187e-09
8.40092795e-08
1.68749015e-08
0
0
0
0
0
7.89815113e-06
0
0
1.13787401e-05
0
0
0
0
2.40498366e-06
0
1.6945989e-05
3.17318809e-05
0
0
0
0
0
1.47175506e-05
0
0
2.35065545e-06
0
1.04414127e-07
0
4.5401606e-07
2.03267359e-06
0
1.24439202e-06
0
8.40449331e-07
0
4.53658004e-06
1.09700636e-07
1.22543938e-07
0
0
0
0
0
0
0
0
0
0
0
0
0
0
0
0
0
0
0
0
0
0
0
0
0
0
0
0
0
0
0
0
0
9.27256735e-07
0
0
0
0
0
0
0
0
0
1.51049323e-06
0
0
0
2.58448249e-08
4.60146396e-07
0
0
2.6160601e-06
0
0
0
0
0
0
0
0
0
0
0
0
0
0
0
0
0
0
0
0
0
0
0
0
0
0
0
0
0
0
0
0
0
0
0
0
0
0
0
0
2.87331318e-07
0
0
0
1.23327288e-06
0
0
1.16528895e-06
0
0
0
0
0
0
0
0
0
0
0
1.00206917e-05
0
0
4.55368536e-06
0
1.98242856e-06
7.65764707e-06
0
0
0
4.70784016e-06
0
0
0
0
0
0
4.04482807e-06
6.26574911e-06
0
0
0
0
1.78239952e-06
9.8052742e-06
0
1.35591847e-06
0
0
0
0
1.18772357e-06
6.02028376e-06
0
0
0
0
0
0
0
0
0
0
0
0
0
0
0
0
0
0
0
0
0
0
0
0
0
0
0
0
0
0
0
0
0
0
0
0
0
0
0
0
0
0
0
0
0
0
0
0
0
0
0
0
2.10647204e-06
0
0
0
0
4.80398785e-06
0
0
0
0
0
0
0
1.0596792e-05
0
0
7.91678031e-06
3.04371097e-05
3.60152899e-06
0
0
0
0
0
0
0
0
0
0
0
0
0
0
0
0
0
0
0
0
0
0
0
0
0
0
0
0
0
0
0
0
0
0
0
0
0
0
0
0
0
0
0
0
0
0
0
0
0
0
0
0
0
0
0
0
0
0
0
0
0
0
0
0
0
0
0
0
0
0
0
0
0
0
0
0
0
0
0
0
0
0
0
0
0
0
6.86879048e-07
0
0
0
0
0
0
4.40558608e-07
0
0
0
0
0
0
0
0
2.51542733e-08
0
0
0
4.09425809e-07
0
0
0
0
0
0
0
0
0
0
0
0
0
0
0
0
0
0
0
0
0
0
0
0
0
0
0
0
0
0
0
0
0
0
0
0
0
0
0
0
0
0
0
0
0
0
0
0
0
5.53056088e-06
0
0
9.41934468e-06
0
0
9.86595296e-07
0
0
0
0
0
0
0
0
0
0
0
0
1.58779855e-07
1.74029392e-05
0
0
0
0
0
0
0
0
0
0
0
0
0
0
0
0
0
0
0
0
0
0
0
8.26437554e-06
1.48184336e-05
0
0
0
0
0
3.20957406e-06
4.06536037e-06
0
6.51340542e-06
0
0
0
0
0
0
0
0
0
0
0
0
0
0
0
0
0
0
0
0
0
0
0
0
0
0
0
0
0
0
0
0
0
0
0
0
0
0
0
0
0
0
0
0
0
0
0
0
0
0
0
0
0
0
0
0
0
0
0
0
4.64639327e-10
0
0
0
0
0
0
5.56382247e-07
3.15337218e-07
0
0
0
0
0
0
0
0
0
0
0
0
0
0
0
0
0
0
0
0
0
0
0
0
1.1876665e-06
1.58926537e-06
0
0
0
0
0
0
0
0
0
0
0
0
0
0
0
0
0
0
0
0
0
0
0
0
0
0
0
0
8.08291361e-07
0
0
0
7.24271843e-08
0
0
0
0
0
2.11589239e-07
0
0
0
0
0
0
1.40172091e-07
0
0
0
0
0
0
0
0
0
0
0
0
0
0
0
0
0
0
0
0
0
0
0
0
0
0
0
0
0
0
0
0
0
0
0
0
0
0
0
0
0
0
0
0
0
0
0
0
0
0
0
0
0
0
0
0
0
0
0
0
0
0
0
0
0
0
0
0
0
0
0
0
0
0
0
0
0
0
0
0
0
0
0
0
0
0
0
0
0
0
0
0
0
0
0
0
0
0
0
0
0
0
0
0
0
0
0
0
0
0
0
0
0
0
0
0
0
0
0
0
0
0
0
0
0
0
0
0
0
0
0
0
0
0
0
0
0
0
0
0
0
0
0
0
0
0
0
0
0
0
3.99209348e-05
3.07088521e-05
5.71363671e-06
0
0
0
0
0
1.10788937e-06
5.65787232e-05
0
0
4.1477655e-05
0
0
0
0
5.03520023e-05
1.31109236e-05
4.1034531e-05
0
2.76117589e-05
0
0
8.50213382e-06
0
0
0
0
0
0
0
0
0
0
0
0
0
0
0
0
3.17810441e-06
0
0
2.47423117e-07
0
0
0
0
0
1.81091167e-07
0
0
0
0
0
0
0
0
0
0
0
0
0
0
0
0
0
0
0
0
0
0
0
0
0
0
0
3.88897342e-06
1.01447549e-05
0
0
0
0
0
0
0
0
0
9.84789153e-07
0
0
0
0
0
5.30350917e-07
0
0
0
0
0
0
0
0
0
0
0
0
9.33350839e-06
1.59252631e-05
0
0
4.02007163e-06
0
0
0
0
0
3.68407029e-07
0
0
0
0
0
0
3.53325981e-06
2.55582927e-06
0
0
0
0
0
0
0
0
0
0
0
0
0
0
0
0
0
0
0
0
0
0
4.0694913e-06
0
0
0
0
0
0
0
0
0
0
0
0
0
0
0
0
0
0
0
0
0
0
0
0
0
0
0
0
0
0
0
6.47118156e-07
0
0
0
0
0
0
1.50626491e-07
0
8.96592246e-06
1.58404567e-09
0
0
0
0
0
0
0
0
0
0
0
0
0
0
0
0
1.40163302e-05
3.44630462e-05
2.76513965e-05
0
3.23522254e-05
0
8.06428307e-06
0
3.33803882e-06
0
0
0
0
0
0
0
0.000145900354
0.000103424449
5.1633604e-05
1.82432304e-05
3.55499333e-06
0
0
0
0
0
0
0
0
0
0
0
0
0
0
0
0
0
0
0
0
0
0
0
0
0
0
0
0
0
0
0
0
3.38034482e-07
5.93498051e-08
5.02677835e-07
0
0
1.40365466e-06
1.1479334e-06
8.09371414e-08
2.82312698e-07
0
0
1.30778551e-06
0
0
2.77265059e-07
8.62864965e-07
4.75691377e-06
0
1.48958492e-07
1.48373533e-06
1.92575541e-07
0
0
3.39243513e-07
0
0
0
0
0
0
0
0
0
0
0
0
0
0
0
0
0
0
0
0
0
0
0
0
0
0
0
0
2.43031877e-07
0
0
0
0
0
0
0
0
0
0
0
0
0
0
0
0
0
0
0
0
0
0
0
0
0
0
0
0
0
0
0
0
0
0
0
0
0
0
0
0
0
0
0
0
0
0
0
0
0
0
2.20053806e-07
2.54153861e-06
2.20596462e-06
0
0
0
0
0
0
1.1469529e-07
3.38999939e-06
0
0
0
0
0
0
0
0
0
0
0
0
0
0
0
0
0
0
0
0
0
0
0
0
0
0
0
0
0
0
0
0
0
0
0
0
0
0
0
0
0
0
0
0
0
0
0
0
0
0
0
0
0
0
0
0
0
0
0
0
0
0
0
0
0
0
0
0
0
0
0
0
0
0
0
0
0
0
0
3.80184283e-05
0
0
0
0
0
0
7.17297689e-06
0
7.34728383e-06
0
0
0
0
0
0
0
0
0
0
0
0
0
0
0
0
0
0
0
0
0
0
0
0
0
0
0
0
0
0
0
0
0
0
0
0
0
0
0
0
0
0
0
0
0
0
0
0
0
0
0
0
5.6726077e-07
0
9.37465757e-07
0
0
0
0
0
0
0
0
0
0
0
0
0
0
0
0
0
0
0
1.4955566e-07
0
0
0
0
6.35970366e-07
0
0
0
0
0
0
0
0
0
0
0
0
0
0
0
0
0
0
0
0
0
0
0
0
0
0
0
0
0
0
0
0
0
0
0
0
0
0
0
0
0
0
0
0
0
0
0
0
0
0
0
0
0
0
0
0
0
0
0
0
0
0
0
0
0
0
0
0
0
0
0
0
0
0
0
0
0
0
0
0
0
0
0
0
0
0
0
0
0
0
0
0
1.34607617e-07
5.90499394e-06
6.08660457e-06
4.09037284e-07
0
4.82206719e-10
1.73803714e-11
2.4370562e-12
4.50371814e-12
9.78849357e-09
5.92685296e-07
6.41187441e-08
3.8154209e-11
0
0
0
0
0
0
0
0
0
0
0
0
0
0
0
0
0
0
0
0
0
0
0
0
0
0
1.59524661e-05
0
0
0
0
5.51223957e-06
0
4.76741434e-06
0
1.06165871e-05
0
0
0
0
0
0
1.79066683e-05
0
0
0
0
0
0
1.62240012e-05
1.35407845e-05
0
0
0
0
0
0
0
0
0
0
0
0
0
0
0
0
0
0
0
0
0
0
0
0
0
0
0
0
0
0
0
0
0
0
0
0
0
0
0
0
0
0
0
0
0
0
0
0
0
0
0
0
0
0
0
0
8.9611865e-07
6.52087965e-06
0
5.30286161e-06
0
0
0
0
0
0
0
4.53793473e-06
3.04183374e-07
2.41643966e-06
0
0
0
0
0
4.33735352e-07
0
0
0
0
0
0
0
0
0
0
0
0
0
0
0
0
0
0
0
0
0
0
0
0
0
0
0
0
0
0
0
0
0
0
0
0
0
0
0
0
0
0
0
0
0
0
0
0
0
0
0
0
0
0
0
0
0
0
2.06899884e-08
0
4.88498108e-06
5.7489824e-06
0
0
0
0
0
0
4.61632226e-06
0
1.05272318e-06
0
0
0
0
1.70105386e-06
0
0
0
0
0
0
0
0
0
0
0
0
0
0
0
0
0
0
0
0
0
0
0
0
0
0
0
0
0
0
0
0
0
0
0
0
0
0
0
0
0
0
0
0
0
0
0
0
0
0
0
0
0
0
0
0
0
0
0
0
0
0
0
8.1262823e-07
1.80307825e-06
0
0
0
0
0
0
0
0
0
0
0
0
0
0
0
0
0
0
0.000276090053
0.000307046372
0.000227226672
0
0
0
0
0
0
0
0
0
0
0
0
0
4.38087482e-05
0.000241943751
0
6.08725577e-06
0
0
0
0
0
0
0
0
0
0
0
0
0
0
0
0
0
0
0
0
0
0
2.9663629e-06
0
8.79042e-06
1.30112794e-05
0
0
0
0
0
0
8.95531912e-07
0
2.98566874e-06
0
0
0
0
0
0
0
0
0
0
0
0
0
0
0
0
0
0
0
0
0
0
0
0
0
0
0
0
0
2.11241104e-06
1.00717227e-06
0
0
0
0
0
0
0
0
0
0
0
0
0
0
0
0
0
0
0
0
0
0
0
0
0
0
0
0
0
0
0
0
0
0
0
0
6.45373575e-06
0
0
0
0
0
0
0
0
0
0
1.34859556e-05
1.96282635e-05
0
0
0
2.41749512e-06
0
0
0
0
0
0
0
0
0
0
0
0
0
0
0
0
0
0
0
0
0
0
0
0
0
0
0
0
0
0
0
2.58726195e-05
3.86560168e-06
1.75332207e-05
0
0
3.10698715e-06
0
0
0
0
0
0
0
0
0
0
0
0
0
0
0
0
0
0
0
0
0
0
0
0
0
0
0
0
0
0
0
0
0
1.60517411e-05
3.50875052e-05
3.3422908e-05
0
0
0
0
2.48208798e-05
0
0
0
0
0
3.98559132e-06
0
0
0
0
0
3.28262249e-05
0
1.08551003e-05
0
0
0
0
0
0
0
0
0
0
0
0
0
0
0
0
0
0
0
0
0
0
0
0
0
0
0
0
0
0
0
0
0
0
0
0
0
0
0
0
0
0
0
0
0
0
0
0
0
0
0
0
0
0
0
0
0
5.8796013e-06
1.8612378e-05
4.32937668e-06
0
2.36749685e-07
0
0
0
0
0
0
0
0
0
0
0
0
0
0
0
0
0
0
0
0
0
0
0
0
0
0
0
0
0
0
0
0
0
0
0
0
0
0
0
0
0
0
0
0
0
0
0
4.80833137e-07
3.86426677e-08
0
0
0
4.58312911e-07
0
0
0
0
2.71581712e-06
0
0
0
0
0
0
0
0
0
0
2.50676891e-07
0
0
0
0
0
0
0
0
0
0
0
0
0
0
0
0
0
0
0
0
0
0
0
0
0
0
0
0
0
0
0
0
0
0
0
0
0
0
0
0
0
0
0
0
0
0
0
0
0
0
0
0
0
0
0
0
0
0
0
0
0
0
0
0
0
0
0
0
0
0
0
0
0
0
0
0
0
0
0
0
0
0
0
0
0
0
0
0
0
0
0
0
0
0
0
9.41633289e-07
0
0
0
9.38228425e-07
0
0
0
0
2.82085853e-06
1.48246625e-06
0
0
0
0
0
0
0
0
0
0
0
0
0
0
0
0
0
0
0
0
0
0
0
0
0
0
0
0
0
2.7654412e-06
0
0
0
0
2.81306961e-06
0
0
0
0
8.33313578e-08
3.96698088e-05
0
1.29666194e-06
0
0
0
0
0
0
2.8222883e-05
0
0
0
0
0
0
0
0
0
0
0
0
0
0
0
0
0
0
0
0
0
0
0
0
0
0
0
0
1.0504059e-08
0
0
0
0
0
0
1.42693034e-06
1.3401517e-06
0
0
0
0
0
0
0
0
0
0
0
0
0
0
0
0
0
0
0
0
0
0
0
0
0
0
0
0
0
0
0
0
0
0
0
0
0
0
0
0
0
0
0
0
0
0
0
0
0
0
0
0
0
0
0
0
0
0
0
0
0
0
0
0
0
0
0
0
0
0
0
0
0
1.8900726e-05
0
0
0
0
0
0
1.15532907e-06
3.26786903e-07
0
0
0
0
0
0
0
0
0
0
0
0
0
0
0
0
0
0
0
0
0
0
0
0
0
0
0
0
0
0
0
0
0
0
8.62150846e-05
0
0.00027396623
8.68400384e-05
0
0
0
0
0
0
0
0
0
0
0
0
0
0
0
0
0
0
0
0
0
0
0
0
0
0
0
0
0
0
3.6726874e-06
0
0
0
0
1.37725704e-06
0
0
0
0
0
1.69789121e-06
2.49913937e-05
2.05478209e-05
0
9.91973411e-06
2.9819299e-05
0
1.11178701e-06
7.45641137e-06
8.52900394e-06
0
1.54212794e-05
0
0
0
0
0
0
0
0
0
0
0
0
0
0
0
0
0
0
0
0
0
0
0
0
0
0
0
0
0
0
0
0
0
0
0
0
0
0
0
0
0
0
0
0
0
0
0
0
0
0
0
0
0
0
0
2.69679958e-06
0
1.32280741e-06
1.12869861e-06
0
3.22753331e-05
0
2.72286388e-06
6.70112968e-07
0
8.86828639e-06
0
0
0
0
0
0
1.97946119e-05
0
8.20955574e-06
1.48808822e-05
0
0
0
0
0
0
0
0
0
0
0
0
0
0
0
0
0
0
0
0
6.04210754e-06
1.22368538e-05
0
0
0
0
0
0
0
0
0
0
0
0
0
0
0
0
0
0
0
0
0
0
0
0
0
0
0
0
0
0
0
0
0
0
0
8.5855163e-06
8.5333304e-06
0
0
0
2.28170416e-06
0
0
8.34519778e-06
0
1.16600995e-05
2.42691804e-05
0
2.11118436e-06
0
0
0
0
0
2.74774372e-08
0
1.91176605e-06
0
0
0
0
0
0
0
0
0
0
0
0
0
0
0
0
0
0
0
0
0
0
0
0
0
0
0
0
0
0
0
0
0
0
0
0
0
0
0
0
0
0
0
0
0
4.31942652e-07
0
5.72231215e-07
0
0
0
0
0
0
0
0
0
0
0
0
0
0
0
0
0
0
0
0
0
0
0
0
0
0
0
0
0
0
0
0
0
0
0
0
0
0
1.96255314e-05
0
0
0
0
0
0
0
0
2.99258863e-06
0
5.36505127e-07
0
0
2.60860088e-05
0
0
2.9522223e-06
3.8055407e-06
0
0
0
0
0
0
0
0
0
0
0
0
0
0
0
0
0
0
0
0
0
0
0
0
0
0
0
0
0
0
0
0
0
0
0
0
0
0
0
0
0
0
6.38260573e-08
0
0
0
0
0
0
0
0
0
0
0
0
1.8200592e-07
0
0
0
0
0
0
0
0
0
0
0
0
0
0
0
0
0
0
0
1.48253241e-06
0
2.92722939e-06
0
0
0
0
0
0
0
0
0
0
0
0
0
1.66501798e-06
0
0
0
0
0
0
4.44977211e-08
3.68083624e-06
0
0
0
0
0
0
0
0
0
0
0
0
0
0
0
0
0
0
1.8029863e-05
0
0
0
0
0
0
0
0
0
0
0
0
0
0
0
0
0
0
0
0
0
0
0
0
0
0
0
0
0
0
0
0
0
0
0
0
0
0
0
0
0
0
0
0
0
0
0
0
0
0
0
0
0
0
0
0
0
0
0
0
0
0
0
0
0
0
0
0
0
0
0
0
0
0
0
0
0
0
0
0
0
0
0
0
0
0
0
0
0
0
0
0
0
0
1.16667525e-05
2.94198821e-06
0
4.471171e-06
0
3.24235742e-07
0
0
0
0
0
0
0
0
0
0
0
0
0
0
0
0
0
0
0
0
0
0
0
0
0
0
0
0
0
0
0
0
0
0
0
0
3.95298997e-07
0
0
0
0
2.67050036e-05
2.34234703e-05
0
0
0
0
0
8.44995157e-07
0
0
0
0
0
0
0
0
0
0
0
0
0
0
0
0
0
0
0
0
0
0
0
0
0
0
0
1.28200298e-07
0
0
0
0
0
0
0
0
0
0
0
0
0
0
0
0
0
0
0
0
0
0
0
0
0
0
0
0
0
0
7.41013218e-06
2.228185e-07
1.87913502e-05
0
0
0
0
2.43792738e-06
0
0
0
0
0
0
0
0
0
3.14773706e-06
9.41563121e-06
0
0
0
0
0
0
4.72684042e-06
2.35095385e-07
0
0
0
0
0
0
0
0
0
0
0
0
0
0
0
0
0
0
0
0
0
0
0
0
0
0
0
0
0
0
1.2246021e-06
0
0
0
1.12844259e-06
0
0
2.22761955e-05
4.52839049e-05
3.65922278e-05
0
0
0
0
1.51952772e-05
0
2.96678172e-05
5.87501672e-05
1.36999251e-05
0
0
0
0
2.12330033e-05
2.15404416e-05
0
2.11436636e-05
0
4.12552727e-05
0
0
4.1139474e-06
2.41087873e-05
0
0
0
0
0
0
0
0
0
0
0
0
0
0
0
0
0
0
0
0
0
0
0
0
0
0
0
0
0
0
0
0
0
0
0
0
0
0
0
0
0
0
0
0
0
0
0
0
0
0
0
0
0
0
0
7.75590195e-07
9.01066528e-07
1.80197233e-07
1.29301061e-05
0
5.13999623e-07
0
0
1.27211035e-06
2.80348695e-06
0
0
1.68084443e-05
0
0
0
0
0
0
2.04319281e-06
3.56924065e-05
4.08796677e-06
0
1.12102794e-06
8.2415383e-08
2.21110781e-07
0
0
0
0
6.35794459e-06
0
7.37080836e-06
8.69938219e-07
0
0
0
1.9539541e-06
0
0
0
0
0
0
5.29756289e-06
1.48491108e-06
0
1.02282218e-06
0
0
0
0
0
0
0
0
0
0
0
0
0
0
0
0
0
0
0
0
0
0
0
0
0
0
0
0
0
0
0
0
0
0
0
0
0
0
0
0
0
0
0
0
0
0
0
0
0
0
0
0
0
0
0
0
0
0
0
0
0
0
0
0
0
0
0
0
0
0
3.15577836e-06
0
0
6.81567508e-06
0
0
0
0
3.24554253e-06
5.89249839e-06
0
0
0
0
0
0
0
0
9.62796912e-06
2.04347046e-07
0
1.38236692e-06
0
0
0
5.16113641e-06
0
0
0
0
9.75053808e-06
0
0
0
0
0
0
0
0
0
0
0
0
0
0
0
0
0
0
0
0
0
0
0
0
0
0
0
0
0
0
0
0
0
0
0
0
0
0
0
0
0
0
0
0
0
0
0
0
0
0
0
0
0
0
0
0
5.90079461e-12
0
1.16157345e-07
0
0
2.40467784e-07
0
1.11650671e-08
0
4.05241422e-12
0
1.39931452e-14
0
0
0
0
0
0
0
0
0
0
0
0
0
0
0
0
1.1700231e-05
4.61865202e-05
8.79346553e-05
0
2.3827839e-05
4.40138621e-07
2.61939681e-06
0
0
0
0
0
0
0
0
0
0
0
0
0
0
0
0
0
0
0
1.22922472e-09
1.88285082e-06
6.93046104e-06
0
3.74181411e-07
0
0
4.39044285e-08
8.89772735e-08
1.00634986e-10
2.07749706e-10
1.86066172e-05
5.75769218e-06
0
0
0
0
0
0
0
0
0
0
0
0
0
0
0
0
0
0
0
0
0
0
0
0
0
0
0
0
0
0
0
0
0
0
0
0
0
4.29639869e-07
0
0
0
0
0
0
0
0
8.72238957e-07
0
0
0
0
0
0
0
0
0
0
0
0
0
0
0
0
0
0
0
0
0
0
0
0
0
0
0
0
0
0
0
0
0
0
0
0
0
0
0
0
0
0
0
0
0
0
0
0
0
0
0
0
0
0
0
0
0
0
5.97741064e-07
0
0
0
3.81775692e-07
0
0
0
3.53953578e-06
1.3969141e-05
0
0
0
0
0
0
0
0
0
0
0
0
0
0
0
0
0
0
0
0
0
0
0
0
0
0
0
0
0
0
0
0
0
0
0
0
0
0
0
0
0
0
0
0
0
0
0
0
0
0
0
0
0
0
0
0
0
0
0
0
0
0
0
0
0
0
0
0
0
0
0
0
0
0
0
0
0
0
0
0
0
0
0
0
0
0
0
0
0
0
0
0
0
0
0
0
0
0
0
0
0
0
0
0
2.11240194e-06
7.70541533e-07
0
0
0
0
0
7.28845521e-07
0
1.65643473e-06
0
0
0
0
0
0
0
0
0
0
0
0
0
4.67382233e-06
2.75729064e-07
0
0
0
1.66947473e-06
0
0
0
0
0
0
0
1.23257493e-07
0
0
0
0
0
0
0
0
1.44237958e-07
0
0
0
0
0
0
0
0
0
0
6.42518614e-07
0
3.19160137e-07
4.26344798e-07
2.25236505e-07
0
0
0
0
0
0
0
0
0
0
0
0
0
0
0
0
0
0
0
0
0
0
0
0
0
0
0
0
0
0
1.6706867e-09
0
0
7.23802714e-07
0
4.67998461e-06
0
0
0
1.25602355e-06
0
0
0
0
0
0
0
0
0
0
0
0
0
0
0
0
0
0
0
0
0
0
0
0
0
0
0
0
0
0
0
0
0
0
0
0
0
0
0
0
0
0
0
0
0
0
0
0
0
0
0
0
0
0
0
0
0
0
0
0
0
0
0
0
0
0
0
0
0
0
0
0
0
0
0
0
0
0
0
0
0
0
0
0
0
0
0
0
0
0
0
0
0
0
0
0
0
0
0
0
0
0
0
0
0
0
0
0
0
0
0
0
2.29623697e-06
0
1.47650189e-05
0
0
0
0
3.49780134e-06
0
0
0
0
0
0
0
0
0
0
0
0
0
0
0
0
0
0
0
0
0
0
0
0
0
0
0
0
0
0
0
0
0
0
0
0
0
0
0
0
0
3.67689358e-06
3.07158189e-05
3.24315988e-05
0
0
0
0
0
0
0
0
5.39764414e-07
0
0
0
0
0
0
0
0
5.02214743e-06
3.36940029e-05
8.41338442e-06
0
0
0
0
0
0
0
0
0
0
0
0
0
0
0
0
0
0
0
0
0
0
0
0
0
0
0
0
0
1.30625212e-05
5.78279141e-05
0
0
5.94845596e-06
0
0
0
0
0
1.73551234e-05
0
8.32174192e-06
0
0
0
0
0
1.98416683e-06
0
0
0
0
0
0
0
1.80521547e-05
0
0
0
0
0
0
0
0
0
0
0
0
3.36191806e-06
0
0
0
1.4774821e-06
0
0
8.87076936e-08
0
0
1.06102668e-07
0
0
0
0
0
0
0
0
0
0
0
0
0
0
0
0
0
0
0
0
0
0
0
0
0
0
0
0
0
0
0
0
0
0
0
0
0
0
0
0
0
0
0
0
0
0
0
0
0
0
0
0
0
0
0
0
0
0
0
0
0
0
0
0
0
0
0
0
0
0
0
0
0
0
0
0
0
0
0
0
0
0
0
0
0
0
0
0
0
0
0
0
0
0
0
0
8.01986153e-06
1.35031439e-06
1.6544916e-06
0
0
0
0
3.32116633e-06
0
0
0
0
0
0
0
0
0
0
0
0
0
2.95873051e-05
1.32798232e-05
2.56254481e-07
0
0
0
0
0
0
0
0
0
0
0
0
0
0
1.03990192e-06
0
0
3.26505278e-06
0
0
0
0
0
0
0
0
0
0
0
0
0
0
0
0
0
0
0
0
0
0
5.61349361e-06
0
0
0
2.47647989e-07
0
0
0
1.15706484e-06
0
0
0
0
0
0
0
0
0
0
0
0
0
0
0
0
0
0
0
0
0
0
0
0
0
0
0
0
0
0
0
0
9.96863037e-06
0
0
0
0
1.60050297e-06
8.3940995e-06
0
0
0
0
0
0
0
0
0
0
0
0
0
0
0
0
0
0
0
0
0
0
0
0
0
0
0
0
0
0
0
0
0
0
1.1803465e-05
0
0
0
0
7.37477649e-07
0
0
7.2780108e-07
1.07073147e-05
0
0
0
0
1.12288163e-07
0
7.27147608e-07
4.47682578e-06
0
0
0
0
0
0
0
0
0
0
0
0
0
0
0
0
0
0
0
0
0
0
0
0
0
0
0
0
0
5.64475249e-06
0
0
0
0
2.3947544e-07
0
0
0
5.69583472e-06
0
0
0
0
0
0
0
0
0
0
0
0
0
0
0
0
0
0
0
0
0
0
0
0
0
0
0
0
0
0
0
0
0
0
0
0
0
0
0
0
0
0
0
0
0
0
0
0
0
0
0
0
0
6.67370955e-07
2.09548898e-06
1.49921277e-06
4.19497525e-07
0
2.44502502e-07
0
1.03486559e-06
0
5.922033e-08
2.4360902e-06
1.11134864e-06
0
0
0
0
0
0
0
0
0
0
0
0
0
0
0
0
0
0
0
0
0
0
0
0
0
0
0
0
0
0
0
0
0
0
0
0
0
0
0
0
0
0
0
0
0
0
0
0
0
0
0
0
0
0
0
0
0
0
0
0
0
0
0
0
0
0
0
0
0
0
0
0
0
0
0
0
0
0
0
0
0
0
0
0
0
0
0
0
0
0
0
0
8.61330136e-06
0
6.6616185e-06
0
0
0
0
5.55416273e-06
0
0
0
0
0
0
0
0
0
0
0
0
0
0
0
0
0
0
0
0
0
8.30326599e-07
0
0
0
0
0
0
0
0
0
0
0
0
0
0
0
0
0
0
0
0
0
0
0
0
0
0
0
0
0
0
0
0
0
0
0
0
0
0
0
0
0
0
1.24834685e-08
0
0
0
0
0
0
0
0
0
0
0
7.59965317e-08
0
0
0
0
0
6.38564779e-06
1.88572778e-06
0
0
0
0
0
2.52438667e-06
0
0
0
0
0
0
5.44390787e-06
1.61198277e-05
2.31636932e-05
0
0
0
0
1.24899516e-05
0
0
0
5.34377114e-06
1.05412309e-05
0
0
0
0
0
0
1.10485962e-05
0
0
0
0
0
0
0
1.2413173e-05
0
0
0
0
0
4.20469405e-06
0
0
0
0
0
0
0
0
0
0
0
0
0
0
0
0
0
0
2.23399184e-06
4.50506877e-06
2.17842924e-07
0
1.08768609e-05
8.24343078e-06
0
6.45501905e-06
0
2.44913338e-07
7.28173404e-07
6.01423892e-07
0
0
0
0
0
0
0
0
0
0
0
0
0
0
0
0
0
0
0
0
0
0
0
0
0
0
0
0
0
0
0
0
0
0
0
0
0
0
0
7.51440041e-07
0
0
0
0
0
3.53022915e-06
1.01225407e-06
9.1827367e-08
0
0
0
0
0
0
0
0
0
0
0
0
0
0
0
0
0
0
0
0
0
0
0
0
0
0
0
0
0
0
0
0
0
3.58183775e-06
7.26185408e-06
0
1.26998168e-06
0
0
0
0
3.33665184e-07
0
0
0
0
5.76193133e-06
0
0
0
0
5.22508287e-07
0
3.21571156e-06
8.11063217e-07
0
0
0
0
0
0
0
0
0
0
0
0
0
0
0
0
0
0
0
0
0
0
0
0
0
0
0
0
0
0
0
0
0
0
0
0
0
0
0
0
0
0
0
0
0
0
0
0
0
0
0
0
0
0
0
0
0
0
0
0
0
0
0
0
0
0
0
0
2.1523847e-06
0
0
0
0
1.1902991e-05
0
0
2.16067974e-07
0
0
0
0
0
0
0
0
0
0
0
0
0
0
0
0
0
5.93879804e-06
0
1.27032972e-05
0
0
0
6.15736053e-06
0
0
6.92123649e-06
8.94514687e-06
0
0
0
0
0
0
0
0
0
0
0
0
0
0
0
0
0
0
0
0
0
0
0
0
0
0
0
0
0
0
0
0
0
0
0
0
0
0
0
0
0
0
0
0
0
0
0
0
0
0
0
0
0
0
0
0
0
0
0
0
0
0
0
0
0
0
0
0
0
0
0
0
0
0
0
0
0
0
0
0
0
8.62347747e-07
8.07743345e-06
0
0
3.42500607e-06
0
0
0
0
6.36054119e-06
3.00033798e-06
1.47562821e-06
0
0
0
0
0
5.62969581e-06
0
0
0
0
0
0
0
0
0
0
0
0
0
0
0
0
0
0
0
0
0
0
0
0
0
0
0
0
0
0
0
0
0
0
0
0
0
0
0
0
0
0
0
0
4.80350491e-06
0
0
1.4236208e-06
7.22728873e-06
1.24609906e-11
8.22049373e-12
2.46203825e-07
0
4.98120244e-07
0
0
3.62882335e-10
0
0
0
0
0
0
0
0
0
0
0
0
0
0
0
0
0
0
0
0
0
0
0
0
0
0
0
0
0
0
0
0
0
0
0
0
0
0
0
0
0
0
0
0
0
0
0
0
0
0
0
0
0
0
0
0
0
0
0
0
0
7.54016014e-07
1.02678132e-06
0
1.23787117e-06
0
9.98414398e-05
5.50007353e-05
1.34701331e-05
0
0
0
0
1.33612602e-05
0
7.61599294e-05
3.4197139e-05
0
0
0
0
0
0
0
0
0
0
0
0
0
0
0
0
0
1.49909204e-06
1.39242284e-05
0
1.65482459e-06
0
5.96789619e-07
0
0
5.41432485e-07
2.793563e-06
4.32939778e-05
0
0
3.72638679e-05
6.95704221e-05
5.96308382e-05
1.4215957e-05
0
0
0
0
0
5.41701002e-06
0
0.000321027852
0.000210626953
0
0
0
0
0
0
0
0
0
0
0
0
0
0
0
0
0
0
0
0
0
0
0
0
0
0
0
0
0
0
0
0
0
0
0
3.33414823e-06
0
0
0
0
0
0
0
0
1.02059616e-07
0
0
0
0
0
0
0
0
0
0
0
0
3.36517616e-07
0
0
0
0
0
0
0
0
0
0
0
0
0
0
0
0
0
0
0
0
0
0
0
0
0
0
0
0
0
0
0
0
0
0
0
0
0
0
0
0
0
0
0
0
0
0
0
0
0
0
0
0
0
0
0
0
0
0
0
0
0
0
0
0
0
0
0
0
0
0
0
0
0
0
0
0
0
0
0
0
0
0
0
0
0
1.94932636e-05
5.64480979e-06
0
0
0
3.11445206e-07
0
0
0
0
0
0
0
0
0
0
0
1.11800591e-06
0
5.05332491e-06
0
8.76783986e-07
2.28359795e-06
0
0
0
0
0
0
0
0
0
0
0
0
0
0
0
0
0
0
0
0
0
0
0
0
0
0
0
0
0
0
0
0
0
0
0
0
0
0
0
0
0
0
0
0
0
0
0
0
0
0
0
0
1.01205687e-05
0
0
2.93871068e-07
0
8.51225923e-06
0
0
0
0
3.54824374e-06
0
0
0
0
0
0
0
0
2.36452015e-05
0
0
0
1.16306273e-06
0
6.90503839e-06
0
0
0
0
0
0
0
0
0
0
0
0
0
0
0
0
0
0
0
0
0
1.49330504e-06
0
0
0
0
0
0
0
0
0
0
0
0
0
6.09547556e-07
6.82487268e-07
0
0
0
0
0
0
0
0
0
0
0
0
0
0
0
0
0
0
0
0
0
0
0
0
0
0
0
0
0
0
0
0
0
0
0
0
0
0
0
0
0
0
0
0
0
0
0
0
0
0
0
0
0
0
0
0
0
0
0
0
0
0
0
0
0
0
8.66268337e-08
0
0
0
0
0
0
0
0
0
0
0
0
0
0
0
0
0
0
0
0
0
0
0
0
0
0
0
0
0
0
0
0
0
0
0
0
0
7.22972686e-07
1.76812159e-06
0
0
0
0
0
0
0
0
0
0
0
0
0
9.06817121e-11
0
0
0
5.84913437e-11
5.98358873e-13
0
7.14552806e-10
1.17620124e-11
6.4272898e-13
5.26865496e-11
0
2.13624868e-10
3.99067403e-06
0
1.95901464e-08
0
2.49515006e-06
0
0
2.98036011e-05
0
0
4.73037153e-06
0
7.65128243e-06
0
0
0
0
4.23652978e-07
0
4.58311069e-06
4.59264675e-06
0
0
0
2.89786931e-05
6.89080625e-05
0
0
0
0
5.39624978e-07
5.47707132e-05
6.42076557e-05
0
0.000223971045
0
0
0
2.9739871e-05
0
0
0
0
0
0
0
0
0
0
0
0
0
0
0
0
0
0
0
0
0
0
0
0
0
0
0
0
0
0
0
0
0
0
0
0
0
0
0
0
0
0
0
0
0
0
0
0
0
0
0
0
0
0
0
0
1.35992775e-06
0
0
0
0
0
0
0
0
0
0
0
0
0
0
0
0
0
0
0
0
0
0
0
0
0
0
0
0
0
0
0
0
0
0
0
0
0
0
0
0
0
0
0
0
0
0
0
0
5.61224033e-06
7.41528629e-06
4.0994978e-06
0
0
0
0
4.51756068e-06
0
7.88125192e-07
0
0
5.0523505e-07
0
0
0
0
0
0
2.82164706e-06
0
0
0
0
0
0
0
0
0
0
0
0
0
0
0
0
0
0
0
0
0
0
0
0
0
0
0
0
0
0
0
0
0.000136065486
0.000268185773
0.000296314363
8.08669283e-05
0
4.0518259e-07
0
0
0
0
0
2.43967247e-06
5.72040153e-05
0
0
0
2.41598882e-05
5.40875635e-06
1.2347067e-07
0
0
0
0
0
0
0
0
0
0
0
0
0
0
0
0
0
0
0
0
0
0
0
0
0
0
0
0
0
0
0
0
0
0
0
0
0
7.53838322e-06
0
7.12479232e-05
0
8.28963748e-05
9.67775995e-05
3.09106945e-05
4.58333416e-05
0
0
0
0
0
8.48809577e-05
3.57106765e-05
0.000184949313
0
0.00012934288
0
0
0
0
0
0
0
0
0
0
0
0
0
0
0
0
0
0
0
1.18542821e-05
0
8.25837287e-06
0
0
0
0
0
8.62086935e-09
0
1.78210215e-07
4.12941915e-07
0
0
0
0
0
2.82952413e-07
0
0
0
0
1.32427829e-07
4.80463677e-06
0
0
0
1.17672334e-05
0
0
9.58696637e-06
0
0
0
0
1.0046947e-05
0
0
0
0
0
0
0
0
0
0
0
0
0
0
0
0
0
0
0
0
0
0
0
0
0
0
1.43132165e-05
0
0
0
0
0
0
3.51894869e-06
0
2.29965735e-06
1.10452547e-05
0
0
0
0
0
0
0
0
0
0
0
0
0
0
0
