2.21154405e-05
2.20217335e-05
4.10637076e-05
7.27990846e-05
6.66839551e-05
9.01251842e-05
7.10179884e-05
0.000112334208
9.39451638e-05
0.000138015079
0.00015247862
0.000174155619
0.000161355463
0.000195195302
0.000228688194
0.000228778692
0.000202396477
0.000225182826
0.000220744201
0.000257325562
0.000249227392
0.000258124055
0.000276358362
0.00032186188
0.000272847217
0.00029710232
0.000337255886
0.000356628763
0.00034681338
0.000393940456
0.000398118427
0.000460284326
0.000480418385
0.000514931162
0.000492423074
0.000509487465
0.000524953823
0.000551468343
0.000564669317
0.000591569871
0.0005819535
0.000621865154
0.00062814285
0.000619446859
0.000634148426
0.000594608311
0.000604914967
0.000667590066
0.000646528264
0.000669459929
0.000642547035
0.000662533508
0.000653418305
0.000661132915
0.000623740023
0.000602388405
0.000582369335
0.000618902617
0.000639268022
0.000632310053
0.00064307428
0.000623203814
0.000629419461
0.000634020194
0.000603028224
0.000635460834
0.000574051752
0.000638148573
0.000629146234
0.000642880565
0.000641210994
0.000673683884
0.000675831863
0.000669302652
0.000677183678
0.00069767551
0.000694488292
0.000717302202
0.000681953738
0.000678307028
0.000655710581
0.000659447396
0.000627448899
0.000633206917
0.00060312904
0.000588875904
0.00059169234
0.00056102511
0.000507512479
0.000559572654
0.000551951583
0.000570935255
0.000540681591
0.00053413742
0.000508257363
0.000476521294
0.000410106557
0.000406406412
0.000388395129
0.000365449581
0.000353398762
0.000339695282
0.000261817884
0.000275593309
0.000217868394
0.000208327459
0.000205408025
0.000184792836
0.000156771406
0.000198243462
0.000182773147
0.000174518864
0.00010730276
9.96299859e-05
8.97937934e-05
9.98483665e-05
7.49459214e-05
5.88291077e-05
2.47910702e-05
1.65823258e-05
-4.53605135e-05
-8.4614323e-05
-0.000127618739
-0.000137474548
-0.000180160263
-0.000204555501
-0.000203874471
-0.000205468546
-0.000213616528
-0.000180428382
-0.000220514266
-0.000216840781
-0.000231673941
-0.000192116611
-0.000219366746
-0.000243761941
-0.000251170626
-0.000257130509
-0.000289292308
-0.000304748537
-0.000327031885
-0.000316439837
-0.000331324118
-0.000308024493
-0.000308459596
-0.000308749732
-0.000331515126
-0.000314405101
-0.000333221076
-0.000328215974
-0.000350728224
-0.00033688554
-0.00038363185
-0.000373967137
-0.000364506152
-0.00036195619
-0.000350417366
-0.000329281233
-0.000311844924
-0.000332723197
-0.000378643832
-0.000361620157
-0.000359653553
-0.000377291261
-0.000398558768
-0.000386147847
-0.000442234188
-0.000425339793
-0.000487483281
-0.000460767595
-0.000471694162
-0.000490161008
-0.000523912779
-0.00051410048
-0.000495693181
-0.000513887266
-0.000517752778
-0.000481488241
-0.00051479158
-0.000491204031
-0.000495625951
-0.000463934732
-0.000487214769
-0.000498865033
-0.000511665945
-0.000519831374
-0.000514730695
-0.00052440929
-0.000534803839
-0.000487241283
-0.000494828098
-0.000468398968
-0.000477875554
-0.000462461874
-0.000498117879
-0.000452116656
-0.000440003932
-0.000406417967
-0.000426667189
-0.000425979932
-0.000429708482
-0.000387927197
-0.000399138196
-0.000371054222
-0.000392598362
-0.000403295271
-0.000409476634
-0.000378850353
