0
0.000528814446
0.000840795576
0.000648978632
0.00061663118
0.00063365628
0.000609478506
0.000675732619
0.000878140971
0.00101541646
0.000708579959
0.000502730662
6.47034176e-05
0.000143824815
0
0
0
0
0
0
0
0
0
0
0.000132505127
0.000225169337
0
0.000295876584
0.000320897263
2.19233334e-05
0
0
5.13597706e-06
0
7.97980465e-06
0.000439792988
0.000455576839
0.000121146812
0
0.000511407619
8.19627894e-05
3.66161876e-05
0.000123553356
0.000136581919
0.000151987129
0.000168264902
0.000241088695
0.000174910732
2.62009926e-05
0
7.80679256e-05
0
0
0
8.68750431e-06
0
0.000106116684
4.33572131e-06
0
0
0
8.69622381e-05
4.37607159e-05
0
0.00018096705
0
0
6.79209988e-05
0.000149039028
0.000201219984
0.00011528645
0.000259161927
0.000242900598
0.000116297735
0.000149652158
0.000229038342
0.000190143532
0.000334460521
0
0
0
0
0
0
0
0
0
0
0
0
0
0
0
0
0
0.000171697524
0
0
0
0.000242258669
0
0
5.36941116e-05
0.000142803125
0.000179442432
0
0.000235022337
0.000116396404
3.46329471e-05
9.0390211e-05
0
9.42161278e-05
0.000252786092
0.000129219115
0
0
0
0
0
2.52639029e-06
9.52673872e-05
0
9.34693526e-05
2.6893058e-06
0
0
0
0.000242172478
9.23281186e-05
0
0.000950577203
0
0
0.000101092854
4.21591685e-05
9.67725573e-05
0.000149429441
0.000249794277
2.43948307e-05
0
0
0
0
0
0
0
0
0
0
0
0
0
4.39329924e-05
0.000147657949
0.000238611028
4.00735444e-05
0
0.000779958325
5.92996003e-06
0
1.05665204e-05
0
3.83999795e-05
7.15236893e-05
0.000192038409
0
0
0
0
0.000902174448
0
0.000231118422
0.000327327492
0
4.76766945e-05
2.05914439e-05
4.71075182e-05
0
0
1.23687259e-05
0
0
0
8.94566983e-06
2.45146512e-05
0
0
0
0
0
0
6.67477216e-05
7.30518586e-05
7.43517885e-05
0
0.00162269175
0.00192764588
0
0
0
0
0.000190100531
0.000519349589
0.000467117527
0
0
0
0
0.00271380087
0.00560386898
0.00709133828
0.00652387319
0.00598051772
0.00607223297
0.00646592537
0.00736956205
0.00805930607
0.00760452123
0.00552571658
0.0030190188
0.00116097403
0
0
0.000116433592
0
0
0
0
0
0
0.000169248073
0.000481083291
0.000114663635
0.000266141404
0
0.000385237712
0.000158385912
4.9685179e-05
7.7261866e-05
4.95851491e-05
9.5559677e-05
7.9405123e-05
0.000127397914
0.000190312974
0.000115501432
0
0
0.000160213458
0
0
2.76149694e-05
0
1.50225133e-05
0
0.000100847887
0.000268568809
0
7.83074793e-05
0.0001405863
0
0
0.0012524901
0.00029420873
0
0.000141495257
0.00016084341
0.000216888962
0.000239113026
0.000465157704
0.000349421054
0
0
0
0.000243797767
0
0
0
0
0
0
0
0
0
0
0
0.000231686819
0.000362452847
0
0.00015551284
0.000570071221
0.0003305063
8.77538987e-05
0.000474568951
0.000502371113
0.000160377269
0
0.000312202756
0.00035773628
0.000258202548
0
0
0
0
0
0
0
0
0
0
0
0
0
0.000680013502
0
0
0
0
0.000333670672
0
0
0
0.000260241766
0
0
0
0.000296956656
0.00051082205
0
0
0
0
0
0
0
0
0
0
0
0
0
0
0
0
0
0
0
0
0
0
0
0
0
0
0.000372308365
0.000434445887
0
1.5496782e-05
0
0
0
0.000530199613
0.00101342937
0.000996501185
0.000174096538
0
0
0
0
0
0
0
0
0
0
0
0.000237373039
0.000268068892
0.000236677137
7.68096943e-05
0
0
0.000164289348
0.00018453275
0.000408350286
0
0
0.000138045987
0.000107512853
0.000183839016
0
0
0
5.00829665e-05
0
0
0.000257731328
0
0
7.87299796e-05
0
0.000115608804
0
0
8.16080501e-06
0
7.47497506e-06
0.000103943108
0.000163031233
6.13941083e-05
5.09337624e-05
3.26918453e-05
0.000203234027
0.000514305488
0.000276380655
0
0
0
0.000143225188
0.000186333797
6.83465478e-05
0.000194540713
0.00012627033
1.43282123e-05
6.55926779e-05
0.000308722985
0.000236185733
0.000377379591
6.89103217e-07
0.000377616612
1.88236136e-05
0.000963978528
4.86016688e-07
0
0
0
7.6489785e-05
8.20560672e-05
0.000146040446
0
0
0
0
0.000216650486
0.000585680362
0
0
7.84921722e-05
0
8.76362974e-05
0.000117210511
0
0
0.00010895235
9.94877046e-05
0
0
0.000449194602
0.000321186933
0.000126978121
0.000140435572
0.000183601922
0.000141585653
0.000126307234
0.000281994086
0.000400541961
0.000329170958
2.62844605e-06
3.15930993e-05
0.00116081489
0
0
0.000161624324
6.64811669e-05
0.00010777462
7.9055033e-05
0.000228704332
0
0
0
0.000241639165
0
6.04386878e-05
0.000454653142
0
0
0
1.4333993e-05
8.98824146e-05
3.21266234e-05
0
0
0
0
0
0.00115811545
0.00138895365
0
0
0
4.53870307e-05
0.000158242794
0.000310918957
0.00022786262
0
0
0
0
7.90235281e-05
0.00010844486
0.000164208861
0.000156932249
0
0.000315255951
2.49396617e-05
0
0.000206448676
0
0
0
0.000153923349
0
0
0
0
0
0
0
0
0
0
0
0
0
0
0
0.00017444088
0.000666347973
0.000180278221
0
0
0
0
0.000117216943
0.000892398588
0.00158346526
0.000837054045
0.000150477601
0
0
0
0
0
0
0
0
0
0
0
0
0.00057883322
0
0
5.25776486e-05
3.0279738e-05
4.58614522e-05
5.3084641e-05
0.000141624245
0
0
0
3.8816579e-05
6.91000823e-05
0.000118210046
0
0
9.83412101e-05
0
0
2.85106362e-05
0
0
0
0.000134264541
0.000217154826
0.000271647586
0
0
0
3.64816151e-06
9.46124128e-05
0
0
8.47555712e-05
0
0
0
0
6.29912902e-05
0.000369356247
0
0
3.82169601e-05
0
0.000224945776
0.000122951285
0
0.000124561993
0
0.00046054105
0.000202467199
0
0
0
8.14319792e-05
0
0.000158627663
1.21890571e-06
0
0
0
1.70099229e-05
0
0
6.4468637e-05
0
2.80361496e-06
0.000270469493
6.56818811e-05
0.00012162108
4.08111664e-05
7.78172034e-05
0.000149610321
0.000185317433
0
0
7.65669974e-05
0.000189991639
0.00065012509
0
0
0
0
0
0
0
0
0
0
0
1.3669166e-05
0
0
0
4.9350183e-07
0
0
0
0
0
0
0.000122252983
0.000231197686
0.000317273603
9.75094154e-05
0
0
0
0
0
0
0
0
0
0
0
0
0.000321606843
0
0
0
0
0
0
0
0
0
0
0
0
6.73478644e-05
0.000477161229
0.000247970864
0.000173901397
0.00018439618
0.000200755559
0.000246569136
0.000267578958
0.000308983464
0.000255456922
0.000181482916
0
2.02922674e-05
0
0
0.000357943849
0
2.71812569e-05
9.15995588e-06
7.30413594e-05
0
1.8677596e-05
0
0
0
0.00037568566
0
0
0
0
0
0
0
0
0
0
0
0
0
0.00064009591
0.000800322334
0
0
0
0
6.93520415e-05
0.000191578831
0.000172413173
0
0
0
0
0.000848449534
0.000751135929
0.000104468447
0.000143696467
0.00022041348
0.000247124612
0.000364795269
0.000494752778
0.000423898455
3.17547747e-05
0
0
0
1.19672013e-05
0
0
0
0
0
0
0
0
0
0
0.000245916744
0
0.000385574211
0.000372009818
0
2.81587563e-05
7.03449405e-05
3.07552982e-05
0.000132610774
0.000192600623
0.00014913881
0
0
0
3.33481948e-05
0
0.000101285412
0.000305481197
9.76774827e-05
3.67830653e-05
0.000225518059
0.000103556871
0.000273935002
0.000263311958
0
0
5.15213069e-05
1.82223066e-05
0
0.000346044108
0.000283125439
8.81295928e-05
7.86490054e-05
0.000111524321
0.000123085978
8.9280511e-05
0.000163229473
0.000348150323
0.000206255296
0
0
0
0
0
0
0
0
0
0
0
0
0.000245245872
0.000454068242
0.000232139093
0
0
0
0
0
0
0
0
0
0
0.000138041723
0.000239360088
4.75216766e-05
2.24051905e-06
0.000329524511
0.000136941409
4.23457386e-05
0.000135742172
5.11885119e-05
0.000155325688
0.000146148363
0.000115441311
7.30328393e-05
8.26508767e-05
0
7.75468288e-05
0.000112660658
4.37974923e-05
0
0
0
0
0
0
0
0
0
0
0
0.000559028354
3.47330097e-05
9.845967e-05
0.000380680809
9.84904618e-05
9.00891682e-05
0.000175337773
0.000365986081
5.16201908e-06
0.000306577422
0.000301519991
9.55395953e-05
0
0
0
0.000185007302
0.000235758504
4.67072277e-06
0
0
0
0
0.00026187874
0.000487873796
0.00050992443
3.83133447e-05
0
0
0
0
0
0
0
0
0
0
0
0.000160047784
3.15132165e-05
4.21426957e-05
1.70028798e-05
0.000131210603
0.000122252779
6.09199415e-05
3.58601283e-05
6.34593016e-05
6.4765547e-05
0.000114581941
9.01597014e-05
1.88461854e-05
0
0
0.000182205942
0.000432605739
0
0
2.06465684e-05
4.4171793e-05
5.08897247e-05
6.74138792e-05
0.000143855446
0
0
0
0
0
0
7.42944903e-05
2.28851404e-05
0
0
0
0
0
0.00013098288
0.000115974188
6.04166198e-05
0
0.000173592809
0.000344706379
0
7.08170628e-05
0.0002077307
0
0.000125419523
0.000129741151
0
0
0
8.13156839e-06
5.98077022e-05
0
0
8.3734798e-05
0.000262686925
0.000100974714
8.93018296e-05
0
0
0
0.000168848201
0.000352354604
0.000650686969
0.000168561324
0.000250586454
7.80294504e-05
1.00623838e-05
0.000254823186
7.28190789e-05
0
0
0.000240933616
0.000276412873
0
0
0
5.35392755e-05
0.000946640037
8.09370977e-05
0
0.000521079288
0
0.000139036129
0.000369371846
0
0
0
0.000286665017
0.0002398941
2.50752691e-05
5.74217665e-05
0
0
0
0
0
0
0
0
0
0
0.000104182996
0.000347910245
0
0
0.000245618139
0.000233288301
9.11723255e-05
0.000107811036
5.88589901e-05
1.96743676e-05
2.2545446e-05
0.000322867039
0.000384189247
0.000382079917
1.42363078e-05
0.000884704757
0.000799045723
0.000228888865
0.000548800512
0.000401079713
0.000129196153
0.000324902911
0.000384627027
0.000348179601
8.90042211e-05
0.000114565162
0.000150120308
0
4.2933847e-05
0.00015627683
3.37570818e-05
0.00011980773
0.000111300993
9.23382104e-05
0.000130606175
0.000125879204
0.000214505286
0
7.70215993e-05
0.000153321802
0
0
0
0
0
0
0
0
0
0
0
0
0
0
0.000246126176
0
0.000360736536
0.00025862077
0
7.94643274e-05
7.35637295e-05
0
0
0.000119903285
0.000480961142
0
0.000151154862
0
0
5.11301769e-05
0
0
0
0
0
0
9.37439036e-05
0.000107807704
7.88413818e-05
0
0
0.000307996204
0.000128707834
9.31748582e-06
0.000161115808
7.91140264e-05
1.50264223e-05
7.06825231e-05
0.000280965876
0.000148689331
0.000203433214
0
0.000283479632
0.000297751365
4.37369454e-05
2.45717056e-05
0.000117167503
7.94334337e-05
1.68293573e-05
0.000178691043
0.000183842931
9.54089501e-06
0
7.43175624e-05
0
0
0
0.000440705306
0
0
1.27270023e-05
0
0
0
8.9969828e-05
0
0
0
1.48861591e-05
0
0
0.000335866178
0
0.000216592249
2.84421731e-05
0
0
0.000142541903
7.93395157e-05
0
4.80726121e-05
0.000366619817
0
0
0.000131195746
0.00013246997
0
7.44009913e-06
0
0
0
0.000204346536
0.000382464554
0.000281895511
2.27098226e-05
0.000167584833
0
0
0
0
8.02781506e-05
0
0.000303897774
0
0
0
0
0.000311630545
4.8594804e-05
0
0
5.91383941e-05
0
0
0
0
0
0
9.17422658e-05
0.000307464681
0.000105580286
0.00104632694
0.000175032197
0
0.000311535376
0
0.000338050973
0.000245965348
0
0
0
0.000588543888
0.000176624628
0
0
8.83718603e-05
0
0
0
0
0
0
0
0.000144932012
0
0.000785862212
0
0
2.45608589e-06
0.000284276699
0.000188371661
0.000249498175
0.000170883213
8.41588335e-05
0.000142108853
0.000284771784
0.000342299463
0.000405234139
0.000126637475
0.000285962014
0
0
0
0
0
0
0
0
0
0
0
0
0.000115638533
0
0
0
0
0
0
0
0
0
0
0
0
0
0.000165678561
0
0
0
0
0
0
0
0
0
0
0
0
0
0.000299480685
8.00650305e-05
0.000166217782
0.000182441509
4.99969938e-05
0.000262727204
0.000137960218
0.000102842481
8.77610437e-05
0.00033138509
0.000158251874
0.000307193171
0.000160722673
0
0
3.68744513e-05
0
0
0
0
0
0
0
5.02101138e-05
0
0
3.96153337e-05
3.03750876e-05
0
0
0
0
0
0
6.35054603e-05
7.05714701e-05
7.2184921e-05
0
0.000195935529
3.00277625e-05
0
0
5.09562524e-05
7.97825051e-05
0
4.42858e-05
0.000130230081
0
0
0.00014960597
0
0
9.67389569e-05
6.42578671e-05
0
0
0
0
0
0
0.00012072167
0.000100507539
0.000102171885
0
0
0
7.20472235e-05
0
0
0
0.000311732059
0
4.00913596e-05
0
0
0.000304273446
0
0
3.9913135e-05
3.23716304e-05
1.26851892e-05
0
0
0.000121300312
5.88351977e-05
0
0.000125918654
0.00010040222
0
0
3.10187097e-05
0.000300442305
8.35898318e-05
2.30309215e-05
8.34848906e-05
6.54446994e-05
7.93770014e-05
0.00010927274
0.000171405831
0.000105330779
1.81900632e-05
0
9.99676558e-06
0.000584854221
0
0.000199080328
0.000373165502
0
0.000143761194
9.10861199e-05
0.000203898337
0
0.00017363744
0.000280319888
0
0.000251818186
0
0.000638409052
0.00016591014
0
1.1306578e-05
4.42050296e-05
6.88900109e-05
3.51519084e-05
0.000202787109
0.000242788505
9.36763263e-06
0
0
0
3.97726908e-05
0
0
0
6.00436142e-05
0
0
8.21841822e-05
0
0
0.000224521791
0.000122434125
0.000297037739
5.49894185e-06
0.000117607102
0.000168104118
0
6.84416227e-05
0.000182940814
0.000143799756
0
2.59223852e-05
0.000188875158
0
0
0
0.000340433791
0.000181736104
0
0.00110964698
0
0
0.000124899219
0
0.000266872114
0
0
0.000326384208
0
0
0
7.36080692e-05
0
0
0
4.4786575e-05
0
0
0
0
0
0
0.000222824674
0.000176707937
0
0.000293229736
0
0.000280049222
0.000159226882
0
0.000116589181
0.000101515485
0
0.000227605735
0.001329066
0.00153092353
0.000482415751
0.000383399049
0.000573832658
0.000703039637
0.000783005555
0.000979431323
0.000981142046
0.000516276341
0
0
0
0.000100680867
2.72511716e-05
0
1.50845071e-05
1.06608313e-05
0
1.90337923e-05
0
0
0
1.0992951e-06
0
0
0
0
0
0
0.000396186777
0
0
2.07638732e-05
0
0.000527182478
0
0
3.87653345e-05
0
0
0
0
0
0
0
0
0
0
0
0
0
0
0
0
0
0
0
3.3223143e-05
0
0
0.000344203057
0.000781375042
0.000806585595
0.000105046565
0.000579014013
0.000529858982
0
0
5.40450928e-05
6.73701288e-05
6.36919431e-05
0.000205956487
0.000257493753
0
0
0
0
7.75118606e-05
0
2.48129072e-06
0.000276659557
0
3.83687802e-06
0
0
0
9.76086994e-06
0.000370943802
0.000658356352
0.000113228205
0
0
0
0
7.81002236e-05
0
0
0
0
0
0.000599673775
2.72365724e-05
0.00155831466
0
0.000360880862
0.000296249142
0.000147410363
0.000113560513
0.000131339679
0.000129573673
8.33169397e-05
0.000158596391
0.000352027244
0.000281860237
7.55670699e-05
0
0.000573547091
0.000310075382
0.000245505071
0.000399889308
0
0.000172435757
0.000194550666
8.90446754e-05
0.000275884231
0.000186109828
0.0002147169
0.000182509772
0
0.000748353603
0.000587309012
0.000279179134
0
6.52835297e-05
0.00041872327
0
3.67354442e-05
0.000628520036
0.000323338318
0.000120931378
0
0
9.61070764e-05
0.000312378543
0.000112569847
5.23845629e-05
3.38327663e-05
8.26890464e-05
0.000133631504
0.000146021906
0.00010184705
7.919372e-05
7.48763632e-05
0
0
4.82951036e-05
0
0
0
0
0
0
0
0
0
0
0.000122044446
3.26698864e-05
0
0
1.02521572e-05
0.000214096493
0
0
0
0
0
3.9331997e-05
0.000316431455
0.000455518428
0.000120848825
0.00169357157
0.00137815252
0
4.81507886e-05
0.000254223327
0.000352241186
0.000522013695
0.000781063281
0.000612847565
0
0
0
0
0.000412065041
1.72869568e-05
0.000187849873
0.000344362052
0
0
0.000199228496
0.000226069809
0
0
0.00026029232
0
0.00037533202
0.00175139878
0
0
0
0
5.67060306e-05
0.000117092553
0.000295786216
0
0
0
0
0
0.000237132903
0
0
0
0
0
0
0
0
0
0
4.48462924e-05
0.000164119017
0
0
0
0
0
0
0
0
0
0
0
0
0
0.000270587683
0
0
0
0
0
0
0
0
0
0
0
0
0
0
0.000193638596
0.000222807168
6.63857327e-06
4.6099598e-05
8.13130373e-06
0
0
0.000263218506
0.000409319095
0.000433744193
0
0.000804831798
0.000368099776
0.00019027431
0.000284395326
0.000343887106
0.000340641593
0.000367310073
0.00055240182
0.000516412605
0.000115283947
0
0
3.95868956e-05
0
0
0.000158789131
0.000190720151
3.07786395e-05
0
0
0
0
0.000273469399
0.000636287674
0.000705597631
0.000351444934
0
0.000465827441
0.000121434583
0
1.02606873e-06
0.000141424418
0.000107770669
2.6643238e-05
0.000103995582
0.000184591656
9.39695165e-05
9.92457935e-05
0
0
0
0
0
0
0
0
0
0
0
0
0
0
0.000419103802
0.000328076218
0
2.86100585e-05
3.83496481e-05
8.76111662e-05
3.13697492e-05
0
0
0
0
0.000261649257
0.000239854257
0
0
8.34537059e-05
4.52914974e-05
0
0.000140425109
2.86494433e-05
8.13666265e-05
0.000161584292
9.38602388e-05
0.00016354445
8.25556272e-05
5.77292667e-06
0
3.19554092e-05
0
0
0.000180105693
0
2.8239132e-05
0.000225333264
9.46305663e-05
3.84053928e-05
0
0
0
0
0.000186426652
0.000373759132
0
0
0
0
0
0
0.000580963097
0.000994452392
0.00026667444
0.000611269556
0
0.000199192917
1.60795134e-05
0
0
0
0
0
1.00454899e-05
7.78592293e-05
2.46158634e-05
0
0
0
0.000342863757
0
0.000120205215
0.000522327435
0
0.000206415207
0.00014676954
0
0.000533887825
0
2.80598888e-05
0.000356517296
0.000137881376
0
0
0
0
6.21298459e-05
3.79554622e-05
8.90161173e-05
4.83774784e-06
0
0
0
0.000252314028
0.000914065226
0.000890377269
0.000453940214
0.000563481997
0.000411431276
0.000214585511
0.000245470408
0.000295243022
0.000335791148
0.000188631835
0
0
0
0
1.18086973e-05
0
0
0
0
0
0
0
0
0
0
0
9.06417845e-05
0
0.000227880417
0.000453001267
1.05811869e-05
0
0.000471007166
0.000260259549
0.000377132761
0.000271716301
0
0.000364352833
0.000314454461
0
0
0
0.000326304464
3.10605683e-05
0
0.000187027748
0.000238092762
0
0
0
0
0.000417367526
0
0.000411009241
0.000319279556
0.00020633798
0.000399354059
0.000292761688
0.000517651963
0.00027837191
0.000583678426
0.000446347054
0.000689163513
0.00068350829
0.000116520634
0
0.000352512347
0
0
3.65673113e-05
0
0
1.91766612e-05
0.000114533323
0
0
0
0.00021651214
0.000187101061
0.000221427501
0
0
0
1.04564788e-05
8.41681685e-06
0
0
0
0.000227724493
4.04422171e-05
0.000117209951
0.00023308766
3.22099513e-05
0.00014929063
0.0001470391
0
0.000243370974
4.63579199e-05
7.10852182e-05
0.000219381211
0
0.000199681192
0
0
0
0
0
0
0
0
0
0
0
0
2.66048864e-05
0.00023050321
0.00013687613
0
0.000317541795
0
0
0
0
0
0
0
0
1.03441398e-05
0
0
0
0.000887224276
0.000155113579
0
7.318383e-05
7.78918984e-05
0.000115246985
0.000132165413
0.000293210527
0.000198634865
0
0
0
0
0
7.02694306e-05
5.71351266e-05
0
6.06270214e-06
0
0
0
6.06590766e-05
0.000109274864
0.000113224247
0
0
0.000152721041
2.16044245e-05
0
0
0
1.24079161e-05
1.89046625e-06
8.00133603e-06
1.87086316e-05
3.22771157e-05
0
1.50162168e-06
0
0
0
0
0
0
0
0
0
0
0
0
0
0
0
2.77656891e-05
0
0
0
0
0
0
5.9434271e-05
4.68951148e-05
4.75419329e-05
0
0
0.000286904717
0
0
0
0
0
0
6.78536744e-05
3.60049526e-05
9.43418127e-05
5.83443216e-05
0
0
0.00202603126
0.00358944526
0.00298879738
0.00263621495
0.00271990709
0.00276550511
0.00300833862
0.00358382985
0.00417235494
0.00345132989
0.00211879914
0.000593011617
0
0
0.00010983317
4.19750868e-05
1.44017085e-05
0
0
0
0
0.000141302036
0.000140616961
0.000136974937
0
0
0
7.16362119e-05
0.000364892272
0
5.19122477e-05
0
0
0
7.88695979e-05
0.000722143392
0.000904273649
0.000432001165
7.89800033e-05
0
0
1.84074634e-05
0
0
0
0
0
0.000378390687
0
0
0
0
8.97389837e-05
0
0
0
0
0
0
0
0
0
0
0
0
0
0
0
3.1239073e-05
0
0
9.95232767e-07
1.81808209e-05
0
0.000143646757
0
0.0002784385
0.0002643599
0.000126830084
0.000123940001
0.000128926084
0.000149640109
0.00016792932
0.000152781737
0.000198221824
0.000192584164
0.000119107244
5.57204803e-05
1.04306537e-07
4.7573998e-05
0
0.00022290663
0.000117461117
0.000112024405
4.18910349e-05
8.4563042e-05
0.000238446097
0.000176680158
0.000274679653
0.000274217484
0.000219951398
0.000213408639
0
0.00202090945
0.00318077626
0.00229521981
0.00207170448
0.00205829716
0.00209478242
0.00249241083
0.00296747591
0.00309441471
0.00235442468
0.00124038686
0.000279842789
0
0.000385141
0
0
0
0
0
0
0
0
0
0
1.06434754e-06
0
7.71656778e-05
0.00057833991
9.45027859e-05
5.38561926e-06
0.00012824955
0.000113658316
0.000125420527
0.000211155435
0.000305695634
7.97557077e-05
0
0
6.34850721e-06
0
0.000205829667
0.00049283501
0.000246312818
0.000402442558
0.000230608464
8.85696791e-05
9.85599618e-05
0.000669264933
0.000547583622
0.000990876346
0
0.000752075925
0.00034566276
0.00236794818
0.00270335609
0.0022713698
0.00224089413
0.00233173859
0.00236025127
0.00256062928
0.0031903123
0.00268522557
0.00239955587
0.00119226531
0.000554551254
0
0
0
0
0
0
0
0
0
0
0
0
0
0.000952853356
0.000866794144
0.000851436285
0.000869277108
0.00089877937
0.000924267515
0.000988224521
0.00120724225
0.00116819516
0.00093162019
0.000550111465
0.000434136105
7.00894525e-05
0
0
0.000100243247
0.00013548274
0
0
3.56759738e-05
0
0
6.01872453e-05
0.000254265149
5.23145791e-05
0
0
0.000524583971
1.67179132e-05
0
6.30167706e-05
9.0676207e-05
6.0866256e-08
6.33055897e-05
0.000250787329
5.05333155e-05
0
0
0
0.000406765321
0
0.000491534709
0.000736905844
0.000480884453
0.000446888647
0.000355676835
0.000588657684
0.000420596713
0.000544107752
0.000679226709
0.000563296431
0.000151090586
0.000116751231
7.78844114e-05
0.000149725558
0
0
7.25913706e-05
0
0
0.000110845271
6.22348161e-05
0
0
0
0
0
0.000249965873
3.37653073e-05
8.6753389e-05
6.42159284e-05
0
2.47678163e-05
0.000258639775
0.000163926466
0
0
0.000263228576
0
0
0
0
0
0
0
0
0
0
0
0.0001515068
9.62421473e-05
0
0
0
0
0
0
0
0
0
0
0.000142072357
8.02935756e-06
0.000218750109
0.000409843749
0.000205646182
0
2.28098406e-06
0.00010296738
0.0001260547
9.26220091e-05
0.000164521727
0.000199394985
8.10237452e-07
0
4.23862693e-05
0
0
0.000795023283
0.000890239025
0.000640986138
0.000651070208
0.000684917497
0.000607415044
0.000664181483
0.00096602441
0.00106803572
0.000826155534
0.000412871857
0.000158071518
0
0
0
0
0
0
0
0
0
0
0
0
0
0
0.000206588928
0
0
0
0
0
0
0
0
0
0
0
0
0.00031497996
9.7327611e-05
0
6.50876318e-05
5.21005495e-05
3.15631769e-05
4.09986351e-05
0.000147065541
0.000130484055
9.14135671e-05
0
7.71006598e-05
0
0
0
0
0
0
0
0
0
2.77768868e-06
0.000254664221
0.000364364882
8.54387035e-05
0
0
0.00017836527
8.55153921e-05
0
0.000125973733
0
0.000106122738
0
0
5.23586496e-05
0
0.000208134385
0.00214429386
0.000445602782
4.19423959e-05
0.000388022454
0.000333731528
0.000465169171
0.000617117854
0.000844832801
0.000449992396
0
0
0
0
0
0
0.000351638329
0
0
0
0
0
0
0.000723475008
0.00124557666
0.000870969146
5.15212159e-05
0.00132132252
0
0
0.000208764453
0.000121381236
0.000149720436
0.000275825936
0.000412768364
8.04017545e-05
0
0
0
0
0
0.000194124455
0.000186369478
2.49976292e-05
0.000132769841
9.16363642e-05
0
7.10824679e-06
0.00022372634
0.000221248571
0.000382818835
0
0.00033900261
0
0.000230881793
0.000104332255
0
6.94417831e-05
0
0
2.39472593e-05
9.86007362e-05
1.12410416e-05
0
1.71776264e-07
4.15224094e-05
0
0
0.000446355931
0.000249750679
0
0
0
0
0
0.00064856495
0.00138081471
0.0011985735
0.000628362759
0
0
0
0
0
0
0
0
0
0
0
0
0.000379757781
0
0.000297772902
0.000465610588
0
0
0
0
0
0
0.00109977147
0.00110434333
0.001124389
0
0.000388344721
0.000488468562
0.00113531295
0.00101581542
0.000899192644
0.000854356273
0.000916273566
0.0010338932
0.00109799416
0.00124314358
0.000866518298
0.000593603356
0.000114478666
0
0
0
5.7501602e-05
0
0
0
0
0
0
0.000167742051
0.000443334138
0.000177976588
0
0
7.97416214e-05
0
0
0
0
0
0
0.000187091529
0.000308171671
0.00018407841
4.31283333e-05
0.00137978175
0.00126428145
0
9.32446164e-06
0.000215630964
0.000284936919
0.000421001692
0.000653519586
0.00046388348
0
0
0
0
0
0
0
0
0
0
0
0
0
5.24730276e-05
0.000120395955
0.000207413352
6.07563343e-05
0.000376044598
0.00035546982
0.000111804438
0.000131146691
0.000140254459
0.000135534181
0.00021704995
0.000272827747
0.000205440374
5.75340709e-05
0
0
0
0.000313882163
6.52314848e-05
0
0
0
0
0
0
0
0
0
1.15299736e-05
9.62152262e-05
0.000585093745
0
6.07864677e-05
0.000392336602
0
0.000435131078
7.73629363e-05
0
0
7.91173079e-05
7.77399546e-05
0
4.6393805e-05
0
0.000868055387
3.57060671e-05
0
4.97779092e-06
1.44449195e-05
4.12137415e-05
5.95841411e-05
0.000203304618
5.15976208e-05
0
0
0
0.000452236505
0
0
0
0
0
0
0
0
0
0
0
0
4.09929198e-05
0
8.60060609e-05
0.000146756764
0
1.94138811e-05
6.30734794e-05
7.4641619e-05
0
2.80814711e-05
0.00017528508
0
4.32905181e-05
0
0
0
0
3.83331781e-06
0
0
0
2.54510069e-05
3.87167574e-06
0
0.000200983282
0.000124532322
0.00145574065
0
0.000337786129
5.72734425e-05
6.57397031e-05
0.000393394614
0
2.51856036e-05
0.000287250121
0.000477184076
0
3.57751705e-05
0
0
0
0
0
0
0
0
0
0
0
0
0
0
0
0.000373156305
9.86346276e-05
0
0
0
0
0
4.37941817e-05
0.000189594459
0.000161393225
0
0
0.000203380332
8.4384199e-05
0.000139562238
9.3031791e-05
0.000292927987
0
0
0.000277826854
0.000350225862
0
0
0
0
0.00642248429
0.00581595162
0.0010099014
0.00129213626
0.00184187246
0.002067975
0.00295537501
0.00393388001
0.00343789463
0.000475146167
0
0
0
0
5.85987691e-05
0
0
0
0
0
0
0
0
0
0
0
0
5.26049953e-05
0.000154078356
0.000107460408
2.66038005e-05
7.45371945e-05
0.000101296187
6.54348696e-05
1.48225872e-05
0.00014654691
0.000182134303
0
0
0
0.000177732538
0
0
0
0
0
0
1.74838424e-05
0
0
0
4.40684307e-05
0.00140868465
0.000634866301
0
0.000907661335
0
0
0.000702628342
0.000147102735
0.000107797641
0.000181994823
0.00032823981
0.000595822406
0
0
0
0
0
0
0
0
4.99601119e-05
0
0
0
0
0
0
0
0.000573116296
0.000490185514
0.000240792608
7.03684054e-05
0
0
0
0.000866583025
0.00136142585
0.00110166124
0.000423154561
0
0.000240774127
0.00019860093
6.86228304e-05
8.74498583e-05
9.39235179e-05
6.92192116e-05
5.22621121e-05
0.000161542484
0.000255560793
0.000189385333
0.000105025916
0
0.00209654635
0
0
0
0
0
0
0
0
0
0
0
0
0
0
0.000160025404
4.498411e-05
1.99476235e-05
0
1.02636022e-07
9.69090024e-07
0.000137238487
4.70306213e-06
0.000138570191
0
3.85318308e-05
1.92817006e-05
1.54633544e-05
0
0
5.42891721e-05
0
0
1.61616535e-05
0
0
9.78778262e-05
0
0
0
6.64801701e-05
4.18936579e-05
1.05983227e-05
0
0
1.21832436e-05
0
0
7.8546298e-05
9.5565425e-05
0
0
1.25628512e-05
0.000574634818
0.001490572
0.00134383654
0.00115909509
0.00117873843
0.00114911248
0.00124834909
0.00143997883
0.00166972517
0.0014538226
0.00095659931
0.00039948363
0.000211781909
0
0
0
0
0
0
0
0
0
0
0
0
0
0
9.03282053e-05
0
0
0
0
0
0
0.000150460546
0.000235564585
3.01734144e-05
0
0.000748366292
0.000706007297
0
0
0.000131978202
0.000172454747
0.000227951066
0.000356133591
0.000310540054
0
0
0
0
0
0
0.000148575404
0.000162425305
9.91658162e-05
0.000151412838
9.89248292e-05
9.20218154e-05
9.65376312e-05
0.000164781275
0.000233196042
0.000181875919
0.000196146255
0
1.19091928e-05
0
0
4.28547355e-06
0
0
0
4.89963604e-05
0
5.40502879e-06
0.000131157794
0
0
0
0
6.67088898e-05
2.3593584e-05
4.42834164e-07
0
0
0
0
0.000143900863
0.000142678589
0.000167967926
0.000198320529
0
6.24525637e-06
7.24495039e-05
0
0
7.04842896e-05
0
0
0
0.000102754762
0
0
0
0
0
0
0
0
0
0
0
0
0
0
0
0.000212553219
0
2.01453804e-05
6.38918209e-05
0
6.83170801e-05
0
0
0
0.000112056267
0
0.000181045019
0
0.00055547629
0.00128844718
0.000691297813
0.000508549216
0.000579652027
0.000699782744
0.000763183343
0.000856291852
0.00103496551
0.000820229645
0.000367130939
0
0
0
0
0
0
2.71964273e-05
0
0.000145043654
0.000149710875
0
0
0.00028138113
0.000393595867
0.000653295487
0
4.17716983e-05
4.82255491e-05
0
0
0
0
0
0
7.81197959e-05
7.6503864e-05
7.20755561e-05
0
0
0
0
0
0
0
0
0
0
0
0
0
0.000146698367
0.00138288969
0.00165742962
0.00083138363
0.000835264742
0.000793622865
0.000907200039
0.00118924852
0.00139809877
0.00129594025
0.000743764336
0
0
0
0.000508959987
0.00126920291
0
0
0
0
0.000118084055
0.000190417486
0.000214601911
0
0
0
0
0
0
0
0
0
0
0
0
0
0
0.00011134371
1.54726768e-05
0
0
0
0
0
0
0
0
0
0
0
0
0
0
0
0.000107630367
0
0
0
0
0
0
0
4.90270759e-05
7.6166225e-07
3.96405812e-05
5.39982138e-05
0.000788009318
0.000468099839
0.000307556707
0.000710711523
0.00041174225
0.000267862983
0.000685533101
0.000569030235
0.000366466469
0.000209307123
0.000467523205
0.000182438729
1.20356526e-05
0
0.000404965482
0
0
1.81918367e-05
7.52020569e-05
0
0
0.000242184891
0.000120544122
0
0.000186405101
8.27580443e-05
0.000215884706
0
6.35402976e-05
0.000146556704
0
0
0.00010314837
6.08022929e-05
0
0
0.000174886969
0
0
0
0
0
0
0
0
0
0
0
0
0
0
0
0.000697768875
0.000192884196
0
0.000102768136
0
0
5.73491925e-05
0.000187302445
9.91030392e-05
0
0
0
0
0
0.000322020991
0.000115329407
0
0.000207235717
5.97465514e-05
4.69543447e-05
0.000136900635
0.000322934327
0.000186580277
0.000236745749
0
0.000391560723
0.000810762285
0
0
7.40858786e-06
0
1.31625584e-05
4.76869318e-05
0.00013071789
0
0
0
0
0
4.75563938e-05
0.00111615972
9.12869873e-05
0
2.90730641e-05
2.15131149e-05
0.000144535763
0.000170006882
0.000306995818
8.34689126e-05
0
0
0
0
0
0.000259957189
0.000284251262
9.91793058e-07
4.80651761e-05
0
0
0
0.000374797062
0.00068157952
0.000732457847
0.000169694569
0
0
0.000117100062
0
1.7984532e-05
0.000383681123
0
0
0
0
0
0
0
0.000494658947
0.00017468186
0
1.06680218e-05
0
9.64953797e-05
9.3243063e-05
0.000148835636
7.57106827e-05
0
0
0
0
0
0.000215992608
0.00022151618
0
0
0
0
0
0
0.000330896466
0.000631235249
5.32166014e-05
0.000353499403
0.00097230362
0.000239768968
0
0.00010248051
0.000183955388
0.000214466083
0.000228237128
0.000419690914
0.000349196373
0
0
0
0
0
0
0
0
0
0
0
0
0
2.86756131e-06
0
0
0
0.000764033524
0
0
0.000122561119
0
1.86431407e-05
6.42959567e-05
0
0
0
0
0.000366680208
0
0.000274207036
0.000631213712
0
0
0
0
0
2.46385971e-05
6.31547882e-05
0
0
0
0
0
0.000475754787
0
0
0
3.6507965e-05
2.19622416e-05
0
0
0.000496738241
0.000543642964
0.000677201257
0.000191605126
0
0.000410684239
0
0
0
0
0
0
0
9.16234421e-05
0.00014996322
0.000294089929
0.000185787721
0
0.000296466722
7.13591362e-05
0
0.000112102905
6.72809401e-05
6.41374354e-05
7.96306122e-05
0.000262123445
0.000116588264
0.000183050506
0
0
0.000602084212
0
0
5.40633164e-06
0
2.54834458e-06
5.41480658e-05
0.000103648657
0
0
0
0
0
0
0.000313342462
0.000149964806
3.59414335e-05
0.000195819652
9.82735801e-05
6.49088615e-05
0.000126755695
0.000322409294
0.00021912386
0.000273916754
5.28950186e-05
0.000346484274
8.81230517e-05
6.34140815e-05
3.61599959e-05
0.000111763875
7.53700951e-05
4.73889449e-05
9.27898946e-05
5.7664678e-05
1.79999324e-06
0.000164654819
0
4.03813938e-05
0
8.65341935e-05
0
0
0
0
0
0
0
0
0
0
0
0
0.000198567519
0.000139269192
0
0
8.05001764e-05
0.000133902184
0
0
0
0
0.00031444733
0
0.000331707706
0
0.000379967882
0
0
0.000198660535
0
0
7.06932478e-05
6.58172794e-05
0
0
8.57802224e-05
0
0.000173468696
0.000507736113
0.000134896021
2.84865237e-05
0.000139316602
0.00014956927
0.000124600017
0.000191667452
0.000298425904
0.000184510369
2.2024642e-05
0
0
0
0.000387287262
0.000405627477
0
0.000527561875
0.000230358812
0
0.00027753532
0.000163933146
0
4.48221472e-05
0
3.87101754e-05
0
0.000478255271
0
0
0
5.57526073e-06
4.15379945e-05
0
0
0.000117461663
0
0
0
0.00015049275
0
0
0
0
0
0
0
0
0
0
0.000114096067
0.000346576737
0
0
0
0
0
0
0
0
0
0
0
0
0
0.00028849626
0.00107847794
0.000143873971
0
0.000115584102
0.000158148585
0.000202816635
0.00026412445
0.00041865313
0.000151817105
0
0
0
0
0.000423112157
4.39390351e-06
0
0.00010017505
0
0
0
0
0
0
0
0.00027835634
0.00318595464
0.00766371144
0.00601724256
0.00486898888
0.00508166663
0.00526802382
0.00569639867
0.00666404609
0.00767922075
0.00646171859
0.00375430123
0.000909823226
0.000280207227
0.00129577622
0.00186028786
0.00237397011
0.00247510383
0.002237187
0.00208466896
0.00242449786
0.00276100822
0.00279270858
0.00248070713
0.00194249314
0.0012972838
0.000721924007
0.00188743637
0
0
0.000352918549
0.000190016392
0.000363906089
0.000459308008
0.000663569779
0.000106562613
0
0
0
0
0
0
0
0
0
0.000131207518
0
0
0
0
0
0
9.22858162e-05
0
0
0
6.34749449e-05
0
0.000122898287
0
0
0
0
0
0.000349222129
4.65707562e-05
6.9066642e-05
0
0
0
0
0
0
0
0
0
0
0.000122685829
0.000307255046
0.000296657439
0
0
0
2.70647579e-05
0
0
0
0
6.38248748e-05
1.00387042e-05
0
0
0.000206179437
0
0.000165573758
0.000299440668
0
8.68959687e-05
0.00016869347
0.00011202912
0
7.54250068e-05
0.000363495667
6.72953101e-05
0
0
0.000421753677
0.000134224305
0
0.000197459289
0.000170064173
1.94703462e-05
7.60793264e-05
0.000378109136
0.000303726352
4.74742519e-05
0.000234846695
0.000221552516
0.000768548984
0
0
0
0
0
7.63051867e-05
6.94380724e-05
0
0
0
2.89063973e-06
0
0
0
0
0
0
2.96514609e-05
2.1213933e-05
6.33342061e-05
0
0
0
1.55792859e-05
4.98114823e-05
0
0.000153317582
7.9908983e-05
4.83279546e-05
0.000280263019
0
7.10839595e-05
0.000152843073
0.00029713058
8.58404892e-05
0
9.17726647e-05
0.000154681853
0
0.000425093895
0.000127133171
7.65590539e-06
7.07997751e-05
5.89481424e-05
9.23933767e-05
0.000102873084
0.00017467975
0.000130910004
3.85473468e-05
0
0
0.000121329198
0.000105947976
0.000114783557
6.22959487e-05
0
0.000228930701
0.000198014197
0.00015223134
9.79310644e-05
0.000462543016
0.000339921855
0.000523118768
0
0.00027941991
0.000144878155
0.000147649858
0.000151967339
0.000244275521
0.000233570696
0.000138453688
0.000238199573
0.000337489822
0.000145169775
0.000224217423
0
0.000266017538
0
4.29622087e-05
0.000138865216
1.743139e-05
1.18054759e-05
0
0
0
1.78770142e-06
0.000180061747
0.000340613013
3.88808185e-05
0.000181570693
0.000225731084
0
0
5.13458363e-05
1.83742522e-05
6.4731983e-05
9.40633108e-05
0.00010501362
0
5.51330731e-06
0
0.000159974821
0
0.000705596816
0
0
0.000415377959
0.000219204216
0.000171300024
0.000107369357
0.000196995417
0
0
0
0.000518819434
0.000268035481
0
0
0.000156797687
0
0.000173854409
0
0
9.4565512e-05
0.000165949343
0.000140280768
0
0
0.000165186342
0.000488904305
0.000560963235
8.85967675e-05
6.17822225e-05
9.66121006e-05
0.000171229476
0.000254835933
0.000303246663
0.000210944985
7.67306337e-05
0
0
0
0
0
4.3607819e-05
0
0
0
0
0
0
8.21982321e-05
0.000218908594
3.38994032e-05
0.00010928604
0.0013516891
0.000152422494
0
0.000255870051
6.95835479e-06
1.59216033e-05
0.000348622358
0.000615307479
6.53019597e-05
0
0
0
0
0
0
0
0
0
0
0
0
0
0
0
0
0
0
0.000119792843
0
0
2.74668419e-05
0
0
0
0
6.22114821e-05
0.000248092867
0
0.000251897349
0
0
0.002908831
0.00237872778
0.00156130188
0.00160812831
0.000921471103
0.000534210296
0.00127281016
0.00350986607
0.0047005401
0.00324789668
0.00186061824
0
4.61881682e-05
7.27260631e-05
0
1.12250618e-05
0
0
0
1.58135317e-05
0.000110925837
0.000182988151
6.16375182e-05
0.000110460918
0.000552671147
0.000757932605
0
0
0.000109380999
0.000112143192
0.000168688173
0.000283406203
0.000287176517
0
0
0
0
0.000230741221
0
0
5.02187759e-05
6.68936555e-05
0
4.08680826e-05
0.000117949428
0
0
0
0
0
0.000953681651
0
0
0.000298274186
0
0.000340332219
1.60267118e-05
0
0
0
0.000602780259
0
0
0
0.000109774643
0.000118492993
0.000104508596
7.88788384e-05
0.000113447342
0.000136003451
0.000152607026
0.000212500207
0.000185901488
0.000105864019
8.53746315e-05
4.38601637e-05
0
0.000180897448
0.000257595297
0
0.000122299447
0.000113239905
0
0.000115442956
0.000138040559
0
0
0.000100453421
0
0
0
0
0
0
0
0
0
0
0
0
0
0
0
0.000959073019
0.0010936812
0
9.04026092e-05
0
0
0
0.000426492945
0.00144488644
0.00235009566
0.000226716467
0.00131345354
0.00178456446
0
0.000321864471
0.000407800515
8.20022033e-05
0.000276700535
0
0.000215962849
0.000558316009
0
0
0
0
0
0.000275127211
0.000167146645
6.79495788e-05
0.000208003694
0
0
8.74257148e-06
0
0.00013807771
3.20821746e-05
2.63430393e-05
4.63476827e-05
0.000973925984
0
0.000191861502
8.93678516e-05
2.08285255e-05
0.000145942904
0
0
0.00023401888
0.000108439017
0
0
0
0
1.42480212e-05
0
0
7.1947411e-06
0
0
4.39327368e-06
0
0
0.000141277269
0
0.000372557319
0.00483846478
0.00387667213
0
0.000285563758
0.00082114659
0.00103017164
0.00155866542
0.00224569603
0.00177354959
0
0
0
0
0
0.000482519798
0
0
0
0
0
0
0
0
0
0
0
0
0
0
0
0
0
0
0
0
0
0
0
0
0
0
4.46022132e-05
0.000188344158
5.82792054e-05
3.82628023e-05
0
0
0
9.46362779e-05
0.000269021053
0.00051420246
0.00014836996
0
2.19480044e-05
0
0
1.62362048e-05
0
4.21711638e-06
2.73909063e-06
0
0
0
0
0
0
0
1.5889349e-05
0.000198104681
0
2.40894551e-05
0
0
0
4.90306375e-05
0.000317744823
0.000450230407
0.000130709348
0
0.000171619671
0.000348593749
0.000122351717
0.000101530401
7.31923283e-05
9.5094525e-05
5.46819829e-05
0.000164830431
0.000447138358
0.000398621545
4.40730309e-06
0
0
0
0
0
0
0
0
0
0
0
0.000231517333
0.000152742723
2.54086299e-05
0.000373213144
0.000450304884
3.56673336e-05
0.000311752781
0.000206704426
0
0.000220862246
0.000161874399
2.91709057e-05
7.83938376e-05
0
0.000117179407
7.09865417e-05
0.000822668488
2.55772466e-05
0
4.16114526e-05
2.50692901e-05
3.36146113e-05
0.000113403279
0.000205448596
0
0
0
0
0
0.000602959364
0.000433467998
0.000336309604
0.000126611107
0.000118502503
0.000404062273
7.64755969e-05
0
0.000317620346
0.000631394912
0.000348638161
0.000275550236
0
0
0
0
0
0
0
0
0
0
0
0
2.15671371e-05
0.000164361263
0.000504616357
0
0
0.000113705959
2.77838717e-06
4.27563064e-05
0.000144747362
0.000174105429
0
0
0
0
0
0
2.54957613e-05
0
0
0
0
0
0
0
7.03809128e-05
0
0.000103316568
3.82798098e-05
0.00170161843
0.00155837659
0.000860507309
0.00112540321
0.000741956639
0.000482644362
0.000517939101
0.000577639556
0.000703502563
0.000453955901
0.000146946782
1.50544984e-05
0
0.00074898405
0.000823392998
0
0
0
0
0
0
0
0
0
0
0
0.000493869244
6.59040161e-05
6.46370318e-05
0.000342272862
0.000139425611
0
0.000231196842
0.000168827581
0
0
9.67886372e-05
0
0
0
0
4.83823424e-05
0
0
0
0
0
0
0.000130933971
0.000161340329
0.000111100606
0
0.000152562585
0.000424172351
0.00119561632
0.00111635646
0.000914628385
0.000936573429
0.000978700118
0.00108964788
0.00118814036
0.00132095243
0.00112950651
0.000736539892
0.000175825422
0
1.93924643e-05
0.00011132651
0
0
0
0
0
0
0.000223091396
0.000407500047
4.33567402e-05
0.000265204173
0
0.000383684674
0.000133743029
0
6.01452557e-05
7.20483949e-05
0
0
0.000120284829
7.68832833e-05
2.17598899e-05
0
5.47144518e-05
0.000161747535
0
3.43459797e-05
0.000122090205
0.00014424877
0
0
0
0
3.54096919e-05
0
0.00011206459
0
0.000179892741
0.000279601431
0.000176182773
2.30410224e-05
0.000153686953
0.000149202519
0.000145611019
0.000152907043
0.000276219798
0.000145827682
7.60153343e-05
0
5.56237574e-05
0.000806203228
0
0
0
0
0
0
9.17119178e-05
5.17814169e-06
0
0
0
0.00031779366
0.000855041144
0.00277166534
0.00431491481
0.00392497843
0.00349644525
0.00353118777
0.00370712159
0.00407807669
0.00454303296
0.00462579867
0.00377002801
0.00224846229
0.000990417553
0.000976584968
0.000311141281
5.61225752e-05
0.000152304958
0.000250706304
0.000284764072
0.000282102497
0.000473927998
0.000455261354
1.47685378e-05
0
0
0
0.000287387404
0
0
0
0
0
0
0
0
0
0
0
0
0.000197139379
0.000108239823
0
0
0
4.32457864e-06
3.58983925e-05
3.28614951e-05
0.000114528113
0
0
0
2.40006666e-05
0
0.000293367106
0.000258094748
0
0.000209964099
5.39847406e-06
0
0.000156781098
0.000127163279
0
0
0.00011706759
0.000162508833
0
2.87293169e-05
0
0
0
0
0
0
0
0
0
0
3.20490544e-05
0
0
0
0
0
0
0
0
0.000120754383
0.000483244861
5.20661051e-05
0
0
0
0.000510039274
3.34449032e-05
0
5.82118664e-05
0
1.46100756e-05
4.16379444e-05
0.000166622995
4.05713909e-05
0
0
2.2478016e-05
0
0.00477655279
0.000446239806
0
0.000123831327
0.000126021056
0.00057087536
0.000616925536
0.00123218098
0.000500840077
0
0
0
0.000181816766
0.00064543006
0.000222404618
4.96320899e-06
7.44681602e-05
0.000161058677
0.000193283209
0.000148044433
0
0
7.15859278e-05
0.000461541902
0.000170676431
0
0
0
0
0
0
0
0
0
0
0
0
0
3.432226e-05
0.000134516507
0
0
0
0
0
0
0
0
0
0
7.69700346e-05
0
0
0
0
0
0
0
0
0
4.24629616e-05
0.000360668288
0.000191009633
0.000110446083
0.000233830258
0.000525031122
0
2.34038762e-05
0.000482333038
0.000305077992
8.4012856e-05
0.000354432093
0.000687365362
0
0.000374187919
0
0.00152408215
0
0
5.07455261e-05
0
0.000131993875
0
0
0
0.00024049278
0.000199220085
5.43617443e-06
0
0
0
0.000841735047
9.77910022e-05
0
6.57186538e-05
5.66703711e-05
0.000115967741
0.00015332771
0.000248742785
0.000105297571
0
0
0
0
0
0
0
0
0
0
0
0
0
3.55092125e-05
7.58415481e-05
0
0
0
0
0
0
0
0
0
0
0
3.84990817e-05
0
0.000272204808
0
0
3.77661672e-06
1.91507024e-05
0
0
0
0
0
7.97111788e-05
0.000301345572
0.000403891638
4.35209295e-05
0.000572736841
0
0
1.76439789e-06
0
0
0.000127455452
0.000118372714
0
0
0
0.000126872837
0
0.00405406067
0.0050225528
0.000210652157
0
0.000755635381
0.000978523633
0.0014056192
0.0020799099
0.00209043454
0
0
0
0
9.00955492e-05
0.000203121963
0.000196147841
0.000145372396
0.000170689469
9.63162602e-05
0.000130414643
0.000229142548
0.000174186862
0.000177296082
9.31157265e-05
6.90965826e-05
3.18013554e-05
0
0.00048574098
0.000231698839
2.74341983e-06
3.04675668e-05
3.27338275e-05
7.704772e-05
2.42598653e-05
0.000158336246
0.000302397762
0.000174550019
0
0
0.000654626405
0.000523693685
0
0
4.095435e-05
7.04400954e-05
0.000152170716
0.000248592289
0.00015935878
0
0
0
0
0.000729238731
0.000884499343
0.000827666488
0.000752803113
0.000679088174
0.00077459967
0.000708038453
0.00100248877
0.000996517367
0.000970817113
0.000487782323
0.000145910235
0
0
0
0
0
0
0
0
0
0
0
0
0.000132327114
0.000165714329
0
0.000655617681
0.000462014083
0.000184080112
0.000257496518
0.000226290329
0.000229927289
0.000272783829
0.000461556396
0.000600708765
0.000331832474
0
0
0
0
0
0
0
0
0
0
0
0
0
0
0
0.000399254932
0.00144296559
0
0
0
0
1.47816645e-05
0.000106601314
0.000270923862
0
0
0
0
0
0.000629255432
0
0
0.00018597921
0
6.83002872e-05
7.74001091e-05
0
0
0
0.000435933995
0.000140007483
0.000155858215
0.000805401709
0.000110202913
0
0.000104362072
4.52464737e-05
0.000170455271
0.000227025637
0.000272905309
3.45404733e-05
0
0
0
0
0
0
0.000135330483
0
0
0
0
0
6.351298e-06
0.000385959516
0.000940161233
0.000282541005
0
0
0
0
0
0
0
0
0
0
0
0
0
0.000216011729
0.000522759627
0.00121795759
0.0011176666
0.000999400509
0.0010329826
0.00100690918
0.00110680843
0.00124825747
0.00136797398
0.00111695461
0.000733842026
0.000301936874
0
8.77596685e-05
0.000346926332
0.000197935893
0.0001552717
9.15787168e-05
3.95939096e-05
6.4523585e-05
0.000261298061
0.000353301264
0.000516803178
4.88071491e-05
0.000324905559
0
0
0.000107000415
0
0.000136559072
9.80742188e-05
0
0
0.000119240802
0.000150761058
0
0.000169740902
7.50319305e-05
0
0
0
0
5.36630832e-05
0
0.000122331578
0.000167971739
0
0
0.000113978211
0.000406495587
0.00043719809
0
0
0.000151984015
0.000132442248
3.12922202e-05
3.46026354e-05
0
0
0
0.000211182516
0.000328391005
0.000274050486
4.83478507e-05
0.00121885329
0.00134591118
0.00023411827
0.000907308713
0.000666394713
0
0.00045878769
0.000655406388
0.00031489518
3.16919613e-05
5.77191677e-05
0.000170147818
0.000103056445
0.000902863394
0
0
5.70521297e-05
2.99496478e-05
6.85558844e-05
0.000138853662
0.000244151102
2.12481536e-05
0
0
0
0
0
0
0.000240649053
0.000136701798
8.94573823e-05
0.000114345654
3.23135828e-05
0
0.000133037698
0.000364240143
0.000375944364
0.000330539682
2.36778178e-05
0
0
0
0
0
3.54437689e-05
0
0
0
0
0
0
0
0
0
0
0
3.69546287e-05
0
0
0
0
0.000251151971
0
0
4.0872168e-05
0
0
0
1.20426685e-05
0.000149075029
0
6.28534835e-05
5.94251032e-05
6.11976429e-05
0
0
1.3881724e-05
0.000338411512
5.78970867e-05
0
0.000119375058
5.45604889e-05
4.06859326e-05
0
0
6.9668873e-05
2.60354846e-05
4.4075623e-05
0
2.62880167e-05
0
0.000178697635
7.19101663e-05
0
3.52784882e-05
0
0
2.65205672e-05
0
0
0.000261887413
0.000138775868
0
0
0
0
0
0
9.15493365e-05
7.00382998e-06
6.35597316e-05
0
0
0
5.73137222e-05
0.000117933472
0
0
0
0
0
0
0
0
0
0
0
0
0
0
0
0
0
0
0
0
0
0
0
0
0
0
7.30403735e-06
0
0
1.62121287e-05
0
0
0
0
0
1.49889538e-05
0.00010026127
4.33975001e-05
0.000131434732
7.2705916e-07
0.00200564764
0
0
0
0
4.65416924e-05
0.000110619847
0.000245102885
0
0
0
0
0
0
0
0
0
0
0
0
0
0
0
0
0
0
0
0.000278028921
0.000204413867
0
0
0
0
0
5.5669374e-05
0.000303754379
0.000282729015
4.21373843e-05
0
0
0.000458127586
0.00013534748
0
0
0.000129517706
0.000159376141
0
0
0.000207629928
0.000108828433
0
0
0.000155212387
0.00040690403
0
0
6.96271818e-05
0
0
0.000173026463
0
0
0
0
0
0
0
0
0
0
0
0
0
0
0
0
0
7.01666213e-05
0.000201627408
0
6.25520115e-05
0.00010949991
0
1.24403869e-05
0.000127464271
7.68104073e-05
0
0
0.00012073345
0
0
0
0.000178940507
7.27316874e-05
2.0660802e-05
1.4403473e-05
2.76130249e-05
4.82213509e-05
2.90273802e-05
4.8650727e-05
6.58014324e-05
6.01624633e-05
0
0
0
0.000408186082
0.000257895183
0
0.000167441511
6.29697461e-05
2.7026379e-05
6.05038622e-06
0.000245799834
0.000406870997
0.000477776572
0.000242157766
0.000354587653
0
0
0
0
0
0
0
0
0
0
0
0
0
0
0
0
0
0
0
0
0
0
0.000164634243
0.000607147696
0.000614307937
0
0
0
0
0
0
0
0
0
0
0
0
0
0
0
0
6.25385655e-05
7.76404995e-05
0.000118290161
2.33132832e-05
4.02754222e-06
0.000124728249
4.65051926e-05
0
0.00015939842
0
0.000212461702
0.00065884745
0.00167872605
0.00326275988
0.00304490258
0.00271998229
0.00269805943
0.00273708068
0.00301958597
0.00333046005
0.0035068274
0.00288859173
0.00192374899
0.000854434504
0
0.000449521933
0
0
0
0
0
0
0
0
0
0
0
0
0.000819472654
0
0
0
0
0
0
0.000144222417
1.97892805e-05
0
0
0
0
0
0.000128026848
0
8.0515747e-05
0
0
0
0.000140750111
0
0
0
0.000146003862
0.000186564605
0
9.8957622e-05
0.00014558321
0
0.000159049145
8.16703396e-05
0
0
0
0
0
0.000145511352
0.000407528423
0.000438026793
0.00051376957
0.000587558956
0.000537302403
0.000432002882
0.000573366298
0.000750943494
0.000605088368
0.000411131536
0.000260986824
0.000177909707
0.00012904343
0
0
0
2.98432315e-06
0
0
6.97683863e-05
0.000250709621
4.02230835e-05
0
5.33717184e-06
0.000110967601
0.000271710625
0
5.64502043e-05
5.52490419e-05
8.06605749e-05
4.29319989e-05
2.04322296e-05
5.25948381e-05
3.83408187e-05
0.000117514763
0.000340017257
8.49286225e-05
0
0
0.000523672381
0
0
1.33444173e-05
0
3.14706376e-05
8.51984259e-06
0
0
0
0
0.000108731518
0
0.000371004746
0
0
0
0
0
0
0
0
0
0
0
0
0
0.000487545592
0.000172798682
7.45109573e-05
0.000104755534
0.000149519561
0.000151617656
0.000167349208
0.000255699764
0.000212385436
0.000108821914
0
4.83565818e-05
0
0
0.000126649596
0.000169132807
0
0
0
0
0
0.000175640133
0.000368961162
0.000358489546
4.05202263e-05
0
0.00108551385
4.48420215e-05
0
1.04528654e-05
2.52221598e-05
6.99177763e-05
0.000101532656
0.000252873841
4.56156813e-05
0
0
0
0
0.000130089102
0
0
0
0
0
0
0
0
0
0
0
0
2.23035586e-05
0
4.79496566e-06
2.35850111e-05
0
1.10940437e-05
2.02528026e-05
2.1861244e-05
2.31063353e-07
6.78408178e-05
0
0.000124470127
0.000582786452
0
0
3.27004382e-05
0
0
0
0
0
1.92044699e-05
0
0.000162026656
0
0.000649804715
0.0002135252
0
0.000231330821
0
6.15290046e-05
0.000220448695
2.5371668e-05
0
0
7.76330126e-05
0
0
0
0
0
0
0
0
0
0
0
0
0.000162674361
0
2.70090095e-05
3.43742286e-05
0
1.47693045e-05
5.11087819e-05
6.33613308e-05
2.58497857e-05
9.56205531e-06
3.26846675e-05
0
8.42880672e-06
0.000112575457
0.00011139753
0.000137510637
0
0
0
0
0
0
0
0
0
0
0
0
0
8.71953962e-05
0
0
0
0
0
0
0
0
0
5.50434888e-05
0
0.00010719429
0
1.31486649e-05
9.73527931e-05
4.46386184e-05
4.39080686e-05
5.71300588e-05
5.67987627e-07
0
7.64216384e-05
0.000153980232
0.000124395156
0.000196367939
5.14673811e-05
0.000177400521
0.000512751227
1.85442041e-05
0
9.61724982e-06
0
0.000110510024
0.000162630633
0.000128083557
0
0
0
0
0.00208085589
0.00454067299
0.00507035246
0.00456483848
0.00427290332
0.00433733268
0.00472771889
0.00528059993
0.00584530877
0.00542485341
0.00386495143
0.00195313804
0.000678543642
0.00330831623
0.00142796582
0
0
9.37004443e-05
0.000210476239
0.000467049598
0.000851837394
0.000396006071
0
0
0
0
0
0.000155215457
0.000133149631
0
0
0.000160957614
0
0
0.000355394295
0.000489943312
0.000182287244
0.00037583863
0
0
0
2.87535349e-05
1.17419668e-05
0
0
0
0
0
0.000115850286
0.000525192299
0.000604470144
0.000278498628
0.00365997967
0.00163700117
0.000450496736
0.00073761621
0.000924593769
0.00120667263
0.0011498559
0.00190863071
0.00186239777
0.000254218845
0
0
0
0.000616355916
0.000259452849
2.53959079e-05
0.000120934252
9.73755959e-05
0.000137974595
0.0002255945
0.00029042302
0.000165847348
0
0
0
0
0.000757378119
0.00157936313
0.000612203847
0.000852346362
0.00115851092
0
0.000440691336
0.000795234984
0.000307767477
8.20852438e-06
0
0
0.000213107327
0
0.000206127632
0.000137407478
5.86579663e-05
0
5.76031271e-05
7.10129025e-05
2.78006019e-06
7.99504633e-05
0.000195204542
0.000171409469
2.02318315e-05
0
0
0
0
0
0
0
0
0
0
0
0
9.41004546e-05
8.47307638e-06
0
0
0
0
0
0
0
0
0
0
0
0
0
0
0
0.000249607576
0.000239217901
0.000125711755
0.000107326501
2.18225578e-05
0
6.60163059e-05
0.000344694447
0.000560282962
0.000411334535
0.00024366648
0
0.00103404548
0.000571475946
0
6.04819215e-05
5.93353252e-05
0.000125941966
1.14086688e-05
0.000343614607
0.000784317032
0.0004679267
0
0
0
0.000112690861
0
0
0
0
0
0
0
0
0
0
0
0
7.32764311e-05
0
0
1.85716435e-05
0
0
0
7.15503265e-05
0
0
4.435144e-05
7.4942931e-05
0
0
0.000165870981
7.62499767e-05
1.58643088e-05
0
7.69832877e-06
0
0
0.00020652455
0.000259748049
0.000150636202
0
0.000215027292
0
0
0
0
0
0
0
0
0
0
9.45936481e-05
2.53644994e-05
0
0
0
0
0
0
0
0
0
0
0
0
0
0.000889895367
0
0
6.03240551e-05
1.73297904e-05
6.91171008e-05
0.000125645907
0.000221232738
1.61185062e-06
0
0
0
0
0
0.000471996405
0
2.64631672e-05
0
0
0.000216614237
3.31118426e-05
0
0
0
0
0.000295244623
1.23186564e-05
0
3.85463209e-05
4.10568828e-05
9.77632772e-06
1.10329174e-05
0
0
1.22213225e-06
3.07832706e-05
2.3511946e-05
3.7006881e-05
0
0.000145488753
0.000482493488
0
0
3.71756614e-05
1.906736e-05
2.37117965e-05
8.33374652e-05
0.000110300476
0
0
0
0.000147755767
0.000187718426
0
0.000207711375
4.13952439e-05
0
0.000227513898
0.000160498108
0.000144514968
0
5.2916781e-05
0.000211678591
1.00464567e-05
0
0
0.000474169588
0.00037276285
0.000178153015
0.000149962274
0.00017628436
0.000228199176
0.000209538921
0.000265651004
0.000433742534
0.000244434894
0
0
0
0.000164943733
0.000107460939
0
0
0
0
0
0
0.000255825435
0.000335293618
8.19345878e-05
8.06518801e-05
0
0
0.000126811239
0.000305794762
0.000194820183
0
0
0.000180001982
0.000326288806
3.99641976e-06
0
0
0.000134082598
0.000319633546
0.000716788927
0
0
0
9.49275e-06
5.81325075e-05
0.000112558206
0.000150670399
0
0
0
0
0.000284120353
0
6.41344232e-05
0.000197841364
0
0
0.000138894946
3.97664226e-05
0
0
0.000260840985
0
0
0
3.99641795e-05
0.000191184052
7.34570931e-05
9.63347484e-05
2.48893448e-05
1.94060449e-05
0
7.25116661e-06
0.000249950011
0.000350531453
0.000300406682
0.000164181722
0
0
9.34879936e-05
0.000235793996
0.000180939576
0.0001157058
2.60952638e-05
7.51750122e-05
9.11269599e-05
0.000107904954
0.000415203947
0.000375789939
0.000441088021
0.000166688755
0.000856966595
0
0
0
0
0
0
0
0
0
0
0
0
0.000590656593
2.41955477e-05
0
0.000108955755
0.000140627701
0
0
0.000438271207
5.75979029e-05
0
0.000167376013
2.08576239e-05
4.62689422e-06
0
0.000261224544
0.00025088925
3.97700423e-05
0.000123227786
0.000205079865
0.000144622842
0
0.000219029447
0.000406228704
0
0
0.000282881083
0.000322849839
1.57461236e-05
0
0.000128482701
0.000111076923
7.34305286e-05
0.000180843301
0.000280429114
1.9005895e-06
0
0
1.61191801e-05
0
2.36131073e-05
4.35977381e-05
0
0
0
0
0
0
6.39936115e-05
0.000274927384
3.89956404e-05
6.87985084e-05
4.9477494e-05
0
0
5.07898549e-05
0
9.97118186e-05
0
0.000127123189
5.68223331e-05
0.000122611178
0.000164598692
0.000164584446
0
0
0
0
0
0
0
0
0
0
0.000257153239
0.000194787513
0
0
0
1.11802801e-05
0
9.38604262e-06
8.42145819e-05
0
4.85442361e-05
0
6.19691564e-05
4.55547633e-05
0
0.000186510035
0
0
7.63085045e-05
0.00010226485
0
0
0
0
0
0
0.000215015418
0.000215038832
0.000214922082
0
0
0
0
0.000144151199
0
4.42666133e-05
0
0
4.42136443e-05
0.000164706333
0.000359995815
0.000333013188
0.000237179949
0.000556796731
0.000836952007
0
0
8.16224347e-05
9.84244252e-05
0.000133618989
0.000248279859
0.000286589086
0
0
0
0
0
0.000168055616
0.000165312711
3.07801711e-05
0.000124491809
9.40940809e-05
2.93975427e-05
6.00684689e-05
0.000282862107
0.000260677509
0.00020656432
7.38849485e-05
3.81139653e-05
0.000408018415
0
0.000152819252
7.69528124e-05
0
8.99992228e-05
0
2.00384602e-05
9.04203262e-05
0.000113424503
0
0
0
0.00015655224
0
0
0
0
0
2.52671475e-06
0
7.93487834e-06
0
9.21505489e-06
0
0
3.10034238e-06
0
0
0
0
0
0
0
0
0
0
8.06098433e-06
0
0
0
0
0
0
0
0
0
0
0
0.00183332874
0.00175021775
0.00110323471
0
0.000625042478
0.000114837334
0
6.23572341e-05
7.71589403e-05
7.36933798e-05
6.95622148e-05
0.000207807665
0.000160974043
2.65727122e-05
0
4.44584839e-06
0
0.000218712885
0.00036087702
0
0.000357700308
3.29394425e-06
0
0.000208922895
0.000228924342
0
0
7.30340935e-06
0.000160755895
0
0.000190849241
0
7.78404792e-05
0.00027601255
0
9.4552568e-05
2.85060305e-05
0
0.000311077572
0
0
0.000147551284
0.000618498307
0
0
0
2.65808194e-06
7.24670972e-05
0
0
0
0
0.000179592549
0
0.000387132954
0.000343722902
8.26070464e-05
0
3.00652064e-05
7.36596412e-05
5.76781713e-05
6.11253781e-05
0.000131288005
0.000100434016
0
0
0
5.68120122e-05
0.00454055006
0
0
6.11496798e-05
0
0.000225539829
0.000533568731
0.000988207874
0
0
0
0
0
5.77312894e-05
0
0
8.64635076e-05
9.62388149e-05
0
7.24613201e-05
2.21301416e-05
0.000148216452
0
0
3.56970195e-05
3.86329884e-05
9.95934315e-05
4.65147823e-05
0
0
0
0
1.15564735e-05
0
0
0
0
0
0
0
0
0
7.46056612e-05
0.000154937094
0
3.64452062e-05
0
0.000284499401
0
0
7.9127436e-05
5.37352062e-05
0
0
0
0
0
0
0
0
0
9.27745932e-05
0.000366646971
0.000516373839
0
0
0.000449275278
0.000239131288
4.49968393e-05
3.5053341e-05
4.14907299e-05
0.000114821509
6.57586061e-05
0.000167097925
0.000332026655
0.000186102698
0
0
0.00041363397
0
0
0
8.42490845e-05
0.000376299751
3.63000363e-05
0
0
0.000234316773
0
0.000375030329
0
0.000139306052
0.00149740418
0.00219605002
0.00191142003
0.00172376481
0.00176903035
0.00176271331
0.00192870258
0.00233740709
0.00246259267
0.00200445927
0.00111310219
0.00045692065
0
8.8238332e-05
3.59910082e-05
0
0
0
0
0
0
8.84014516e-05
9.62142221e-05
8.56908227e-05
0
0
7.72635212e-06
0.000846002426
0.000702621473
0.000550951692
0.000608288043
0.00051982631
0.000440139789
0.000622500258
0.000960119534
0.0010315805
0.000641971536
0.000393306982
0
3.89617053e-05
7.37062874e-05
0
0.000215901528
1.23719192e-05
0
3.38386344e-05
0
0
0
0
6.31247894e-05
0
0.000172774497
2.40303552e-06
0
0.000398316333
0
0
6.23433152e-05
0
0.000175903609
0
0
0.00010715644
0
0
0.000139409589
0
0
0
0
0
0
0.000241295988
0.000237026441
0.000164408877
0
0
0
0.000100396355
0
0.000104294559
0
0
0
9.03590044e-05
0.000183047276
0.00059179269
0.00022542011
0.000734186615
0.000163418328
0
2.79238593e-05
0.000155090864
0
0.0001775235
3.05561116e-05
0
0.000126665895
0
5.68149771e-05
0
0
0.000571972458
0.000944337924
0.000632757263
0.000364867039
0.000439270429
0.000543131318
0.000527337834
0.000715799571
0.000807972334
0.000655469252
0.000154403984
0
0
0.000149866464
0
0.000253169623
0.000272430072
6.81501697e-05
0.000270692952
0.000292531156
5.05434837e-05
0
0
0
0.000101828802
0.000451328291
0
0
0
0
0
0
0
0
0
0
0
0
0
0
5.81581153e-05
7.94585649e-05
0
0
0
0
0
9.2142991e-06
0.000164816898
0.000129317807
0.000172699831
5.59078399e-06
0.000411901274
0
0
7.80016308e-06
0
0
0
8.03654802e-06
0
0
0
0
0
0
0
0
0
0
8.99258303e-05
0
0
0
0.000437147537
0.000585203408
0.000456569862
0
7.03181213e-05
0.000460213399
9.3734634e-05
5.50891127e-06
8.45986651e-05
7.57719026e-05
0.000111738853
0.00016149928
0.000202062496
8.7188062e-05
7.92075298e-07
0
0
0
0.000401461759
3.93130904e-05
0
7.39435927e-05
5.6901783e-05
4.68409089e-05
9.97899406e-05
0.000200215305
4.22000921e-05
0
0
6.47843408e-05
0
0
0
0
0
0
0
0
0
0
0.000134939051
9.46112123e-05
0
0
0.000404906197
0.000124475861
0
8.94323966e-05
8.55188046e-05
1.38004389e-05
3.7222333e-05
0.000271686993
0.000171007428
2.37461973e-05
0
4.78966249e-05
0.000498451875
0
0
0.000210808255
0
0
0.00019246072
0
1.04029587e-05
0
0.000261114794
0.000228910198
0
0
0.000594924029
0.000309089548
0.000137533716
0.000213164094
0.000212375264
0.000232430277
0.000261214125
0.000403287733
0.000385033025
0.000147088518
0
0
0
0
0
0
0
0
0
0
0
0
0
0.000122289246
0
0
7.27882252e-06
0.000390488451
0
0.000103822065
1.402833e-05
0
0.00015137528
0.000344741566
0
0
6.19317871e-05
0.000241122732
1.43301104e-05
3.79115918e-05
0
0
9.50414324e-06
0
0
0
0
0
0
0
0
0.000734286907
0.000291115546
0.000444743288
0.000395687588
0.000468670391
0.000454285415
0.00037848347
0.000588376075
0.000697711133
0.000462669326
0.000170554253
4.4743043e-05
0
0.000207441437
0
0
0.000164356694
0
0
0
0
0
0
0.000126108134
0.000705342391
0.000226883611
0
0.000879789237
0.000127424632
0
0.000129142805
6.20619103e-05
9.81507401e-06
5.79930929e-05
0.000370555994
3.36077574e-06
0.000132812958
0
0.000383636914
0
2.07813246e-05
0
0
4.56784583e-05
0
0
1.14762324e-05
5.12575934e-05
0
0.000224765885
1.27399971e-05
0.000479970389
0
0
3.18529237e-06
0
0
0.000142734774
0
0.000110817375
0.000177978698
0.000263053837
0.0001045061
7.90965623e-06
0
0
0
2.37196182e-05
0.000121059624
0
3.51205267e-06
0
0
0
9.31858303e-05
0.000199392627
0.000199675458
3.63099971e-05
3.09432326e-05
0
0
0
0
0
0
0
0
0
0
0
0
0
0.000289358781
3.38097525e-05
0
3.82369508e-05
0
0
0
0.000127846171
0.000122012782
0
9.18066798e-05
4.92946856e-05
0.000352253235
0
0
0
4.70087325e-05
0
4.69073711e-07
4.27493906e-05
5.78793733e-05
0
0
0
0
0.000204171738
8.27318363e-05
0
0
0
0
0
1.44057467e-05
0
0
0
0
0
