0
0
0
0
0
0
0
0
0
0
0
0
0
0
0
0
0
0
0
0
0
0
0
0
0
0
0
0
0
0
0
0
0
0
0
0
0
0
0
0
0
0
0
0
0
0
0
0
0
0
0
0
0.0330277681
0.0102097411
1.74472749
1.75309277
1.57076192
1.57030725
1.69329405
1.63319206
0.697316229
0.548127413
0
0
0
0
0
0
0
0
0
0
0
0
0
0
0
0
0
0
0
0
0
0
0
0
0
0
0
0
0
0
0
0
0
0
0
0
0
0
0
0
0
0
0
0
4.48082399
4.50282669
1.8213377
1.82476795
1.28500915
1.25632787
0.5648579
0.415470243
0.511007667
0.524378121
0
0
0
0
0
0
0
0
0
0
0
0
0
0
0.204901502
0.171172664
0.135302305
0.204384357
0
0
0.899354815
0.897968769
0.178616196
0.182455719
0.658283234
0.678502619
0.127982989
2.13560867
2.06472087
2.21734238
2.34414935
1.29803288
1.23381901
2.03784728
2.01064682
1.49087393
1.54157555
2.01455569
2.00456691
2.02476978
1.52462971
1.52016914
0.136100352
0.063705489
0
0
0.746708333
0.832660317
0.0328666754
0.0675664768
0
0
0
0
0
0
0
0
0
0
0
0
0
0
0
0
0.995791733
1.01301587
0.80727607
0.804004848
0.589691818
0.568984628
0.312208712
0.311834991
0
0
0.282117635
0.185678199
0
0
0
0
0
0
0
0
0
0
0
0
0
0
0
0
0
0
0
0
0
0
0
0
0
0
0
0.0506007969
0.0409803279
0.475082904
0.480149329
0.45290947
0.456454128
0.292218715
0.283686042
0.385104328
0.390125245
0.539537191
0.531411052
0.332617044
1.2190733
1.2175256
2.27499247
2.26081538
0.736799061
0.75456351
1.02683258
1.06454265
0.39884454
0.379015595
1.19339526
1.18125594
0.176520824
0.0420668684
0.0556872748
0
0
0
0
0
0
0
0
0
0
0
0.605144739
0.607671857
0.849555612
0.820019424
0.855867922
0.96405983
0.769152582
0.784942985
0.832568884
0.850300968
0.602734685
0.604929864
0.219488218
0
0
0
0
0
0
0
0
0
0
0
0
0
0
0
0
0
0
0
0
0
1.45815444
1.5545013
1.04586101
1.03524387
0.603376687
0.300554276
0.272063434
1.7799089
1.80105484
3.11126661
3.06033754
2.65204954
2.69328785
1.91007006
1.91189075
2.52647257
2.59289026
1.19105422
0.611581206
0.63648808
0.790723681
0.783647358
0.136307105
0.124206349
0.182704121
0.19050993
0.248907059
0.235861912
0.663097918
0.654782712
0.718432307
1.5660429
1.41499865
1.34056079
1.42803025
1.48757637
1.46459413
1.37160385
1.29236078
1.15094078
1.17220438
1.28795719
1.36681056
1.2051698
0
0
0
0
0
0
0
0
0
0
0
0
0
0.42457518
0.434472978
0.920557261
0.956913531
0
0
0
0
0
0
0
0
0
0.381510496
0.388762683
0
0
0
0
0.247865647
0.271727949
0
0
0.00511409016
0
0.0117309066
0
0
0
0
0
0
0
0
0.126285821
0.0554888137
0
0
0
0
0.0920135528
1.33115888
1.41650319
0
0
1.77769125
1.67858863
1.09633303
0.929014087
0
0
0
0.435243368
0.45898208
0.612480283
0.633533895
0.867151022
0.873459458
1.41083741
1.38740838
0
0
0
0
0
0
0
0
0
0
0
0
0
0
0
0
0
0
0
0
0
0
0
0
0
0
0
0
0
0
0
0
0
0
0
0
0
0
0
0
0
0
0
0
0
0
0
0
0
0
0
0
0
0
0
0
0
0
0
0
0
0
0
0
0
0
0
0
0
0
0
0
0
0
0
0
0
0
0
0
0
0
0
0
0
0
0
0
0
0
0
0
0
0
0
0
0.314645588
0.295407116
0.528375924
0.522252381
1.07795954
0.999676347
0.71851027
0.784717381
0.393857688
0.463999718
0
0
0
2.58695078
2.53107619
0.739125848
0.675404489
0.0916006267
0.0977299139
0
0
0.528443456
0.498018593
0
0
0.205401644
0.0541127399
0.0139806904
0.78669256
0.860394299
0.305531025
0.321557999
0.317422271
0.366098434
1.05891252
0.998291612
0
0
0.0749494582
0
0
1.07327592
1.04235613
0.937781453
0.942536533
1.28758216
1.28507721
1.06351995
1.00733042
0.832173884
0.84763962
0.775680006
0
0
0
0
0
0
0
0
0
0
0
0
0
0
0
0
0
0
0
0
0
0
0
0
0
0
0.389034092
0.411892891
0
0
2.1712153
2.10717797
1.47096634
1.52695882
0.591999292
0.526408613
0.0294402204
0.0742956698
0
1.27957273
1.3269124
1.68149126
1.60014272
0.799555719
0.739906132
1.03717375
1.05966401
0.114614852
0.0807413161
0.343547702
0.312236279
0.605626345
0.487103641
0.498595476
0.532607436
0.544412553
0.0615250506
0.0841163024
0.105074115
0.0728549808
0.563020468
0.549375355
0
0
0
0
0
0
0
0
0
0
0
0
0
0
0
0
1.56459403
1.55301476
0.119351044
0.134273216
0.947306573
0.920029223
1.29236293
1.32553387
0
0
0.0955402851
0.0599630103
0.0111409863
0
0
0
0
0
0
0
0
0
0
0
0
0
0
0
0
0
0
0
0
0
0
0
0
0
0
0
0
0
0
0
0
0
0
0
0
0
0
0
2.69575548
2.72033954
0.318550348
0.274737507
0.0553320721
0.0413299128
0
0
0.629150391
0.648791075
0.300252616
0.250508368
0.528992295
0.342434019
0.340966254
0
0
0
0
0
0
0.835846484
0.855587602
0.306522161
0.267391056
0.188599989
0
0
0
0
0
0
0
0
0
0
0
0
0
1.2530663
1.22219086
0
0
1.96305501
1.90580893
1.84539652
1.95519161
1.37811339
1.32104528
1.00085545
0.937087893
1.09988034
2.11071563
2.1144681
0
0
0
0
0
0
0
0
0
0
0
0
0
0
0
0
0
0
0
0
0
0
0
0
1.52407563
1.51416624
0.774752378
0.7305879
0.926652074
0.87585336
1.09035575
1.04237795
0
0
0
0
0
0
0
0
0
0
0
0
0
0
0
0
0
0
1.20308185
1.15183198
2.01533008
2.17125535
1.53143013
1.5416404
1.82864738
1.8003149
1.76898134
2.05547619
1.9583602
1.93814635
0.708254397
0
0
0
0
0
0
0
0
0
0
0
0
0
2.31275988
2.27235532
1.88749695
1.86391199
1.57589769
1.58583939
3.06540203
2.93457413
0.516484857
0.575617671
1.22999978
1.38285315
1.29790473
0
0
0
0
0
0
0
0
0
0
0
0
0
0.0825754628
0.148537084
0
0
0.0740980208
0.103410259
0
0
0.472119302
0.460420519
0.544299304
0.476100683
0.697331727
0.770282626
0.814650118
0.741123438
0.605964899
0
0
0
0
0.649695396
0.758371115
0.0189032946
0.0445557795
0.966145515
0
0
0
0
0
0
0
0
0
0
0
0
0
0
0
0
0
0.101123348
0.0717160031
0
0
0
0.00834942423
0
0
0
0
0
0
0
0.00652318634
0.0112197092
0.357927889
0.356513411
0.387309521
0.394725323
0.066635251
0.0559382066
0
1.24114358
1.11793685
0
0
0
0
0
0
0
0
0.377807349
0.432042271
0.82825017
0
0
0
0
0
0
0.0277029313
0.00803949311
0
0
0
0
0
0
0
1.83954346
1.80955505
0
0
0
0
0
0
0
0
0
0.623286307
0.602072775
2.21444035
2.14638138
0.538368583
0.541418791
1.55290127
1.55980134
0.510119855
0.527936935
0.370254368
0.363771796
0
0.206348985
0.163781852
0.368264437
0.398735374
0.143343508
0.0675613135
0.637747109
0.699308634
0.450340122
0.406421185
0.116632938
0.0915399566
0.224150851
0
0
0
0
0
0
0
0
0
0
0
0
0
0
0
0
0
0
0
0
0
0.164486215
0.144593254
0
0
0
0
0
0
0
0.218724072
0.209156752
0
0
0
0
0
0
0
0
0
0
0
0
0
0
0
0
0
0
0
0
2.79769254
2.73847961
4.61712313
4.64315557
0.161589503
0.199371174
2.58919549
2.52725196
3.97054005
4.0285387
3.45829678
3.46270561
3.85083079
0.443559647
0.462318361
0.747440159
0.829305053
0.314559162
0.287949979
0.699812829
0.689005375
0.22302939
0.218803898
0
0
0
2.29751849
2.26702881
2.0060811
2.10720658
1.3536098
1.37133443
1.42344928
1.50142181
1.82958937
1.71487069
1.30333221
1.31069398
1.00011575
2.05640006
2.04680943
1.08128798
1.14137065
1.07815123
1.07155049
1.85842824
1.81422949
0
0
0
0
0
0.013922953
0.00541287661
1.79811442
1.736974
0.0517821349
0.0132988216
1.30430269
1.25798464
0
0
0
0
0
0
0
0
0
0
0
0
0
0
0
0
0
0
0
0
0.447565317
0.417109489
1.13806951
1.19481575
0
0
0
0
0
0
0
0
0
0
0
0
0
0
0
0
0
0
0
0
0
0
0
0
0
0
0
0
0
0
0
0
0
0
0
0
0
0
0
0
0
0
0
0
0
0
0
0
0
0
0.775823355
0.794650376
1.05280435
1.06021225
0
0
0
0
0
2.9669435
2.98263717
2.12052441
2.15493369
1.79036152
1.8268435
1.05553353
1.0610888
0.645519018
0.656529546
0.675914049
0.690444291
1.31114256
0
0
0
0
0
0
0.0761032254
0.0344637707
0
0
0
0
0
0
0
0
0
0
0
0
0
0
0
0
0
0
0
0
0
0
0.456975639
0.451390505
0.377484173
0.36733222
0.904389203
0.846550167
0.581231833
0.611921072
0.0672317818
0
0
0
0
0
0
0
0
0
0
0
0
0
3.2121377
3.28053856
1.66309237
1.91782129
1.43970907
1.57828069
1.77554655
1.71322942
2.53901052
2.75263309
2.62595654
2.54103494
1.72602665
0
0
0
0
0
0
0
0
0
0
0
0
0
0
0
0
0
0
0
0
0
0
0
0
0
0
0
0
0
0
0
0
0.520476818
0.51908493
0
0
0
0
0.105440281
0.459570855
0.411114544
1.10182178
1.080948
0.13610585
0.14119412
0.354192853
0.365593225
0.753014505
0.74765259
1.36763084
1.47437823
2.49117589
0.37737456
0.413594097
1.33224499
1.38290977
0
0
0
0
0
0
0.171258852
0.137448922
0
0
0
0
0
0
0
0
0
0
0
0
0
0
0
0
0
0
0
0
0
0
0
0
0
0
0
0
0
0
0
0
0
0
0
0
0
0
0
0
0
0
0
0
0
0
0
0
0
0
0
0
0
0
0
0
0
0
0
0
0
0
0
0
0
0
0.406970829
0.416911721
0.703604877
0.703738987
0.598416269
0.555265069
0.530151844
0.564650178
0.638600826
0.621462941
0.355826646
0.228206351
0.457174778
0
0
0
0
0
0
0
0
0
0
0
0
0
0
0
0
0
0
0
0
0
0
0
0
0
0
0
0
0
0
0
0
0
0
0
0
0
0
0
0.634360552
0.514193773
1.53550875
1.63164437
1.6161232
1.69921327
2.02405834
1.92902458
1.38887215
1.37400484
1.39373291
1.39495063
1.27346587
0
0
0
0
0
0
0
0
0
0
0
0
0
0.342081964
0.296259105
0
0
1.31556487
1.26605296
0.0914200991
0.0544864349
1.06477082
1.05558336
1.18821883
1.2035892
1.18431425
0
0
0
0
0
0
0
0
0
0
0
0
0
0.557439983
0.539498389
0
0
0
0
1.1445564
1.14433622
0.241037741
0.277050555
1.23933613
1.25308585
0.160547853
0
0
0
0
0
0
0
0
0
0
0
0
0
0
0
1.25126433
1.26966
0.0943323076
0.0921013281
0
0
1.90841985
1.94680297
1.11024988
1.22573161
0.992438793
0
0
0
0
0
0
0
0
0
0
0
0
0
1.17072737
1.16079152
1.59114909
1.63397157
1.76268578
1.85642016
1.34130383
1.33105659
1.58028734
1.80039978
0.837087929
0.748647571
0.646792948
2.32292318
2.362679
1.37677372
1.31354558
0.0838770047
0.0516495667
0.344035298
0.338659495
0
0
0
0
0.902204812
0.128681362
0.133584529
0.26466617
0.261406004
0.0812560618
0.0569453239
0
0
0
0
0.130825236
0.132770419
0.308224469
2.53814602
2.58623147
2.05027795
1.99133527
4.1161871
3.99193954
0
0
6.49093866
6.53577948
6.54278898
6.33387804
7.82000017
0.817751467
0.777279437
1.09258747
1.07140779
1.20548308
1.27827597
1.86988473
1.77304316
1.1250695
1.11525393
1.43405163
1.51419842
1.66750968
0
0
0
0
0
0
0
0
0
0
0
0
0
0
0
0
0
0
0
0
0
0
0
0
0
0
0
0
0
0
0
0
0
0
0
0
0
0
0
0
0
0
0
0
0
0
0
0
0
0
0
0
0
0
0
0
0
0
0
0
0
0
0
0
0
0
0
0
0
0.537731946
0.534239829
0.744402647
0.771937907
0.49829632
0.325114161
0
0
0
0
0
0
0
0
0
0
0
0
0
0
0
0
0
0
0
0
0
0
0
0
0
0
0
0
0
0
0
0
0
0
0
0
0
0
0
0
0
0
0.584223926
0.658074021
1.03130805
0.965896606
1.31108856
1.35992646
0.772350073
0.792705834
0.707755268
0.692970276
0.982493043
1.04008675
0.693455935
0
0
0
0
0
0
0
0
0
0
0
0
0
0
0
0
0
0
0
0
0
0
0
0
0
0
0
0
0
0
0
0
0
0
0
0
0
0
0
0
0
0
0
0
0
0.0306608565
0.0334320068
0.0832180083
0.0574545488
0
0
0.253224701
0
0
0
0
0
0
0
0
0
0
0
0
0
2.8338809
2.88775706
2.43484139
2.42997813
1.87085938
1.83806014
2.13497162
2.2037046
1.91558802
1.86936712
1.53760457
1.4857918
0.317743421
0
0
0
0
0
0
0
0
0
0
0
0
0
0.158870935
0.169120729
0.303106219
0.285524756
0
0
0.520806551
0.510708392
0
0
0
0
0
0.0290931892
0.0128746554
0
0
0
0.00420403853
0
0
0
0
0
0
0
1.20764327
1.14049101
1.9828577
1.98465443
0.513418496
0.496905208
0.435433269
0.344582796
1.11771321
1.13911986
0.799726546
0.768444955
0.411908686
0
0
0
0
0
0
0
0
0
0
0
0
0
2.07383251
2.09867764
1.65508366
1.83640718
1.63649106
1.60703993
1.44017792
1.33194125
0.53252852
0.624186635
0.959751368
0.99802506
1.34042549
0
0
0
0
0
0
0
0
0
0
0
0
0
2.88673496
2.93603992
1.14895046
1.10778141
0.856860697
0.835060537
0.123621836
0.14793396
0.615212023
0.546802402
0.4628613
0.403745919
0.201886117
0
0
0
0
0
0
0
0
0
0
0
0
0
0.89964205
0.904274642
0.20188877
0.213057294
0
0
0.694949389
0.653457463
0
0
0
0
0
0
0
0
0
0
0
0
0
0
0
0
0
0
0
0
0
0
0
0
0
0
0
0
0
0
0
0
0
1.41877198
1.48085928
0
0
0
0
0
0
0
0
0
0.582128227
0.472252876
0.0644042119
0.0883243382
1.70425475
1.69281924
0.173225164
0.126510903
2.9194963
2.7340529
1.39727664
1.42124033
0.873063743
0
0
0
0
0
0
0
0
0
0
0
0
0.625210166
0
0
0
0
0
0
0
0
0
0
0
0
0.245913878
0.807524025
0.855883896
0.553833604
0.507842541
0.280358076
0.30235815
0
0
0
0
0
0
0
0
0
0
0
0
0
0
0
0
0
0
0
0
1.13072848
1.10859466
0
0
0
0
0
0
0.222410604
0.299515039
0
0
0.192035124
1.03756428
1.04419875
1.1072396
1.10530281
1.08614182
1.08892977
0.914469838
0.924010932
0.825180352
0.794579864
0.991261423
0.976242065
1.0929786
0
0
0
0
0
0
0
0
0
0
0
0
0
0
0
0
0
0
0
0
0
0
0
0
0
0
0
0
0
0
0
0
0
0
0
0.0517150797
0
0
0.0892780721
0
0
0
0
0.670793593
0.643362403
0
0
0.0799515769
0
0
0
0.565890491
0
0
0
0
0
0
0
0
0
0
0
0
0
0
0
0.685909808
0.663963258
0
0
0.127665281
0.135264918
0
0
0
0
0
0
0
0
0
0
0
0
0
0
0
0
0
0
0.282351434
0.293161452
1.00638127
1.00154388
1.32190788
1.3544091
1.00984395
1.01585567
0.996716678
0.988614619
0.431565046
0.359934688
0.760214329
0
0
0
0
0
0
0
0
0
0
0
0
0
0
0
0
0
0
0
0
0
0
0
0
0
0
2.19578743
2.18309927
5.50403929
5.3502655
4.67013931
4.75382376
3.38235974
3.36890101
0.131432772
0.333693475
0.910988212
1.09247577
0.997857869
1.03813565
0.914407134
2.48931026
2.65057254
2.69557214
2.9198966
5.749506
5.72165585
5.98409557
6.10990524
4.31391287
4.29008722
0
0
0
0.118681602
0.129858762
0
0
0.212620899
0.22897777
0.397441685
0.412570536
0.434588999
0.358956128
0.593684077
0.708010554
0.842044413
0.903881967
0.7820943
0.0570496693
0.0323969238
0.0412833057
0.116761364
0.925371826
0.874741077
0.546935856
0.385554552
0.175634697
0.67524457
0.58954221
1.55105042
1.50702107
0
0
0
0
0
0
0
0
0
0.142626017
0.203214452
1.53118742
1.68638098
3.9648416
4.01159096
3.50531173
3.47825146
2.97388005
3.13679338
3.68309188
3.51480722
1.92682707
0
0
0
0
0
0
0
0
0
0
0
0
0
0
0.0196721423
0
0
0.568198562
0.584438205
0.966435134
0.966496825
0.469131172
0.491890758
0.652153134
0.6630916
0.399779677
0
0
0
0
0
0
0
0
0
0
0
0
0
1.66445816
1.65667808
1.84509504
1.87391984
1.83430076
1.84621656
2.25093436
2.24978256
1.68486512
1.71076763
2.2245822
2.21910429
0.515812695
0
0
0
0
0
0
0
0
0
0
0
0
0
0
0
0
0
0
0
0
0
0
0
0
0
0
0
0
0
0
0
0
0
0
0
0
0
0
0
2.6668191
2.76054597
3.71019983
3.55059481
3.55034161
3.51455617
3.56619024
3.72985601
2.63527846
2.58550954
4.62850761
4.45373678
3.577986
0.702409923
0.566202641
2.27315974
2.27417493
2.21550798
2.27306533
2.99267483
2.97122169
0.769946635
0.616637766
1.2666651
1.22474921
0
0
0
0
0
0.80191499
0.766447484
0.52701205
0.503539383
1.15457225
1.18601906
0.591994107
0.635650158
0.453256518
0
0
0
0
0
0
0
0
0
0
0
0
0
1.26547766
1.31471515
0.467751116
0.472956568
0.506181419
0.517413735
0.962409496
0.945089519
0.181742236
0.189090788
0.306339324
0.328350782
0.487558395
0
0
0
0
0
0
0
0
0
0
0
0
0
0
0
0
0
0
0
0
0
0
0
0
0
0
0
0
0.451240301
0.504982769
0
0
0.0594321154
0.0851241127
0
0
1.98080719
2.05361462
0.180783868
2.91300869
2.71664572
2.11943436
2.14041257
1.13522351
0.841576993
0.217161804
0.233823881
1.89769363
1.77883208
1.46422648
1.61044359
2.13939166
0
0
0
0
0
0
0
0
0
0
0
0
0
0
0
1.01993167
1.00504041
0.423682779
0.424149752
0.45569855
0.471491843
0.0989336669
0.119412497
0
0
0.0717011169
6.37661743
6.39541721
2.60227108
2.53620338
4.7425313
4.6759882
5.06187677
5.06663275
2.5904541
2.52068806
2.57879758
2.54684448
0.605584502
0
0
0
0
0
0
0
0
0
0
0
0
0
0
0
0
0
0
0
0
0
0
0
0
0
0
0
0.0455446169
0
0
0
0
0
0
0
0
1.08371997
0.850035191
0.855807364
0
0
0
0
0.975874364
0.969212234
0.336219102
0.267766863
0.294620067
0.178285241
0.297635585
0.332156628
0
2.18400407
2.21048498
2.95390749
2.99353933
2.3367238
2.38191652
1.10822737
1.07239068
0.551983178
0.569541514
0.110623725
0.0740561783
0.039109055
0
0
0
0
0
0
0
0
0
0
0
0
0
0
0
0
0
0
0
0
0
0
0
0
0
0
0
0
0.245478585
0.737926722
0
0
0
0
0
0
0
0
0.175592467
0.0599039085
0.025408892
0.617758274
0.558254659
0
0
0
0
0.187579796
0.166394621
0
0
0
1.28783655
1.24006617
0.412821949
0.445415914
0.838440776
0.850863039
1.80986285
1.76664722
0.97598201
0.95769155
1.0470928
1.01952696
0.869565547
0.58899045
0.580696583
1.2271769
1.24951267
0.672832251
0.656301796
0.86994648
0.876733541
0.799546421
0.785083652
1.18995059
1.2042644
1.13997209
4.1853075
4.18317413
1.90405834
1.81587577
1.81947696
1.85783601
2.77476883
2.8225019
0.807792544
0.708545864
0.640610456
0.700830817
1.08135569
1.39249778
1.34134662
1.62295508
1.66818142
2.07821846
2.10430765
0.972681284
0.899954498
1.16736376
1.27280545
0.912366986
0.9308303
0.973680615
1.01345611
0.96077615
1.33184922
1.34713197
1.00392818
1.09961522
1.8642472
1.77947617
1.8742007
1.876212
1.623088
1.62473416
0.357175499
0
0
0.671181619
0.686260283
0
0
0
0
0
0
0
0
0.0639163107
0
0
0
0
0
0
0
0
0
0
0
0
0
1.07355118
0.947581232
1.3391571
1.37159312
0.233086795
0.267417073
0.708465338
0.683916092
0.186307818
0.219617918
0.0105124898
0.0393523686
0.0510702133
2.41900444
2.42644286
2.83188534
2.8164506
2.83220649
2.84840631
2.50558519
2.51363564
2.64737964
2.6943922
1.36517406
1.36162651
1.1957401
0
0
0
0
0
0
0
0
0
0
0
0
0.211700886
3.41756201
3.35468149
2.94293237
2.97449708
3.60601425
3.63985777
4.13855028
4.245049
3.35775495
3.54786468
3.046067
3.00677347
2.86639094
0
0
0
0
0
0
0
0
0
0
0
0
0
0
0
0
0
0
0
0
0
0
0
0
0
0
0
0
0
0
0
0
0
0
0
0
0
0
0
0.794427037
0.802211165
0.23778899
0.185748547
0.335351884
0.319685966
0.749370277
0.758904517
0.627379239
0.678271651
1.38986647
1.39800227
0.331447929
0.504927576
0.488281786
1.05137253
0.981303573
0.814273834
0.807513952
0.690707803
0.678878844
0.705471814
0.779356778
0.511958241
0.489227176
0
0
0
0.572454035
0.639506519
0.183693185
0.274058193
0.175816134
0.232587919
0
0
0
0
0
0.755876601
0.727657497
1.17403674
1.15245581
0.131143987
0.139305457
1.79537928
1.81128454
0.124930643
0.119566873
0.641419947
0.646720111
0.0912340805
0
0
0
0
0
0
0
0
0
0
0
0
0
0
0
0.867982984
0.865798414
1.03701222
1.08798766
0.66784966
0.633757472
0.867783725
0.88546747
0.0397227779
0.109437533
0.290815771
0
0
0
0
0.483667105
0.489622682
0
0
0.811027586
0.660712183
0
0
0
0
0
0
0
0
0
0
0
0
0
0
0
0
0
0
0
0
0
0
0
0
0
0
0
0
0
0.305348098
0.351195872
0
0
0.0920321792
0.0588005036
0.165408716
0.162161469
0
0
0.739194155
0.719091415
0.904445589
0
0
0
0
0
0
0
0
0
0
0
0
0
0
0
0
0
0.309028864
0.34219557
0
0
0.630336761
0.629511595
0.338957876
0.41368708
0
0
0
0
0
0
0.00718793785
0
0
0.880223393
0.94572407
0.409535736
0.409615278
0.183937237
0
0
0
0
0
0
0
0
0
0
0
0
0
1.3054328
1.40752077
1.49583197
1.38679993
1.5139997
1.42513275
1.62874079
1.66892159
0
0
0.373486519
0.349005073
0
0
0
0.00946871005
0
0
0
0
0
0.14195554
0.300662935
0
0
0
3.95375729
3.97687173
2.42372775
2.42755437
0.958490014
0.953673661
3.14168
3.23337698
0
0
0
0
0.469324231
0
0
0
0
0
0
0
0
0
0
0
0
0
0
0
0.142102793
0.171206117
0.766583562
0.726600468
0.88840431
0.963278294
0.486840814
0.577135503
1.1657604
1.08620751
1.6483531
0
0
0
0
0
0
0
0
0
0
0
0
0
0
0
0
0
0
0
0
0
0
0
0
0
0
0
0
0
0
0
0
0
0
0.847228825
1.07179153
0
0
0
0
0
0
0
0
0
0
0
0
0
0
0
0
0
0
0
0
0.0720785633
0.0572703294
0
0
0.152798682
0.13628462
0.730145454
0.774303496
1.04070401
0.628192544
0.652783871
0
0
0.440780371
0.349134326
0.763852656
0.747796357
0
0
0
0
0
0.536750376
0.529639602
0.135846809
0.160605893
1.11512971
1.08672357
0.753145456
0.693781435
2.6930337
2.88706326
2.96912265
2.97284555
3.4442122
0.11320366
0.110659406
0.121005684
0.138819784
0
0
0.276043296
0.275208473
0
0
0
0
0
1.93051565
1.71260202
2.79326439
2.92375088
1.42175281
1.40343308
1.10873723
0.936049163
0.840667844
0.907090425
0.532767832
0.533008933
0.76836586
0
0
0
0
0
0
0
0
0
0
0
0
0
1.10093486
1.13549793
0.194564462
0.213853329
0.984748781
1.00054264
1.90801132
1.94683981
0.43502146
0.414393157
0.811076224
0.810192823
0.23160024
0
0
0
0
0
0
0
0
0.438119322
0.388723463
0.0242404379
0.059786696
0
1.4890852
1.43642783
1.45018399
1.52438164
0.467822582
0.458233744
0.509067237
0.515532255
0.55810529
0.500853956
0.418948412
0.362442434
0
0
0
0
0
0
0
0
0
0
0
0
0
0
0
0
0
0
0
0
0
0
0
0
0
0
0
0
0
0
0
0
0
0
0
0
0
0
0
0
2.75733399
2.58085108
4.59381676
4.75782871
5.09075117
5.03126907
4.55030107
4.46764565
3.86149192
3.85762095
3.87144113
4.04413128
4.23284197
0
0
0
0
0
0
0
0
0.291009545
0.228361532
0
0
0
1.64531946
1.4570291
2.73063278
2.85596681
2.04386473
2.11320806
1.70211756
1.61083126
1.44421387
1.56885111
1.01639235
1.17934299
1.56019223
2.17356181
2.18393946
0.184948787
0.243822604
3.65027547
3.57662129
2.66857123
2.7270844
0.0994992703
0
0.65365082
0.671421409
0
