-1.21151817
-0.561544299
-0.505950987
0.827402115
-1.88535702
-0.740569532
0.620190978
-0.226809561
0.0937523693
-1.56466711
-0.553608835
-0.820044577
-0.509741664
-2.97135973
-1.63918889
-0.0533531643
-1.80412626
-2.04292822
-1.68705308
-0.810695887
-1.32923484
-3.64604211
-1.84555149
-2.58598685
-1.40694571
-0.936097026
-0.280026317
-1.11949849
-1.36369979
4.8980732
-1.09783947
-1.82130587
-2.51546812
1.20761693
-4.71234322
2.09028316
2.42318106
-2.92578697
-1.68649757
0.968388081
0.298495352
0.041570399
-0.0132927345
-0.0616651289
0.00125635648
0.176829591
0.103920028
0.0276233032
0.00478228973
-0.0124793593
0.0179105494
0.154347986
0.607900918
-0.46373716
-0.516590238
-0.474166811
0.455948681
-1.68911171
-1.25205612
-1.15434659
-0.0468665361
-0.216598183
-1.58132124
1.62325168
-1.2604897
-1.7452085
4.3316431
5.30487108
3.72772622
-1.18010938
-0.662294745
3.41114259
2.93082809
-0.289758444
0.200973049
0.0422887467
-0.123170286
-1.43468797
-0.854111254
-1.45747113
-2.51872349
-1.64325297
-1.4095403
1.69559085
-2.94141364
-2.39156866
-0.943323493
2.07928133
-1.17309785
0.898821771
-1.89659941
0.180669039
0.161713824
0.0711920112
0.210881621
0.172754019
0.122029111
-0.252474189
-0.309080034
-0.0199396107
0.125253364
0.127397388
0.171355933
0.101955876
0.43244943
-1.02377629
-2.36483431
-0.884996474
1.00489295
0.445429295
1.64828861
0.503102958
0.186704695
-0.657632947
-0.0503630005
-2.97460985
2.33801603
-0.458488882
-0.408148527
0.0216212831
0.167827651
0.0324282125
-0.0110140722
0.0620834231
-0.146625012
-0.199650005
-0.243084043
-0.0732587352
0.0419966318
-0.0773238316
0.43813628
3.25227833
4.09453773
2.52002597
0.724131465
1.22606206
2.83323717
1.96836472
-0.419336885
-1.46807349
-1.58548558
0.840243042
-2.54449511
1.34040654
-0.197108626
-0.255446255
1.45851219
-1.79647005
-0.0117276292
2.9007926
1.82556045
0.856499016
-1.35709429
-0.0861310363
0.456652761
1.86222589
7.87953043
-0.107905276
-0.840581656
-0.0586832501
0.620508254
0.131837398
3.65555525
5.2047472
1.67246258
-0.64513135
0.695370018
0.674915612
1.36952865
0.830084383
0.616729379
0.612558544
0.832746685
1.15461993
1.00606096
0.0690374672
0.957179546
0.932182968
1.06708443
2.0021863
1.10686171
2.00280309
0.273335546
-0.220640182
-0.281415164
-0.526524603
-0.432520986
-0.580957949
-0.647871196
-0.366027355
-0.162990808
-0.210811168
-0.304636717
-0.0052612992
-0.0125460159
-0.204024509
0.502427995
0.543608904
-0.0861093774
-0.21871078
0.0514025949
0.0656858087
0.217090458
0.205463812
0.0376007147
0.0712755695
0.0215228721
-0.126819968
-0.905360639
-0.177567035
0.694765866
-0.573344409
-1.23429096
-1.26811504
-0.0527517758
-0.545477211
-0.576204181
-0.792168021
-1.15746105
-0.968897283
-1.20924675
0.195755124
0.785342991
0.76056838
0.0581944883
-0.248518199
-0.0462012403
0.684010923
0.707854092
0.654741824
1.17798781
0.73289597
0.584041059
0.0551082231
0.261294961
-1.68616724
-0.941389501
-0.664546371
-1.79991734
-1.87146723
-0.588689744
-1.06091094
-1.10346472
-0.691768944
0.860434771
-0.162885621
-1.09062529
1.48127735
0.431097209
0.0325715952
0.154487833
0.0696334168
0.0915915295
0.170936286
0.242184356
0.301061869
0.270098507
0.164400563
0.163758785
0.228486538
-0.040788956
0.358202368
0.529937088
0.508081913
0.279791027
0.0921900794
0.124868892
-0.0350310318
-0.0665199012
-0.0239200592
0.190311328
0.0167062115
0.397286892
0.0938753858
0.135857478
0.00364685385
0.109635338
0.0569852479
-0.0436009057
-0.265273869
0.0103999916
-0.0346381664
0.0509616882
0.17753014
0.121337071
0.0185426343
0.129332542
0.360438943
0.394979954
0.30579403
0.222513661
0.228311583
0.378258228
0.283400059
0.136516213
0.0908062756
0.155127972
-0.0357331708
-0.173834488
-0.182934195
-0.295501798
-0.273249626
-0.219400525
-0.0300537907
-0.168028787
-0.381541014
-0.671773732
-0.581286252
-0.577197134
-0.257760972
0.169806004
-0.584880292
0.678447187
1.12573218
0.892153978
0.928045869
1.56139255
0.727728724
1.37265182
0.56975913
0.500460744
0.779349864
1.36495364
0.330218911
0.218018323
-5.78538609
-3.65256524
-4.35722208
-1.4135977
-5.45260048
-4.72083759
-1.52465868
-1.43392253
1.86177969
-1.03316462
-2.30738926
-2.27464724
-10.3441429
0.229899585
-0.132896483
-0.110327445
-0.204886764
-0.233644962
-0.544019163
0.023238482
0.98582983
0.112298511
-0.288537174
-0.0145446798
-0.128657028
-1.17451799
-0.0374569371
0.00554218376
0.225328326
0.466457397
1.49926317
0.106702939
0.105183654
0.011729911
-0.117374815
-0.148503363
-0.173080891
-0.102455795
-0.0910652801
0.51518923
1.09442616
1.17588413
0.247635037
-0.0946016535
0.317179412
0.921615362
0.831249833
1.4618293
0.840834379
-0.609148502
-0.253288448
-1.11767197
2.92812443
-0.357866168
1.59901607
1.09971321
0.827848792
0.728281736
0.757232547
2.38019538
4.55896139
1.85928559
-16.2110596
3.41551232
2.25289273
-2.94243193
-1.07246685
-1.00990605
-0.850873888
-1.80384827
-0.870949268
0.191581011
-1.33661115
-0.993280232
11.6447697
-1.23258889
-0.682287931
-0.321366161
0.21548745
-1.02110016
0.572821319
-0.806551099
0.359883189
-0.848253727
-0.942295671
-0.749994278
1.94851172
-0.554940939
-0.525087237
0.0945374146
0.234509513
1.14061522
1.88244176
-1.26506889
-0.13785328
12.4008017
-0.123886898
-0.50328213
-0.361022323
1.83846545
0.131834477
1.80121732
-1.13300884
3.18069267
0.919299126
-1.32649755
-2.48579979
-0.0249165129
-0.742301226
-0.269071788
-1.88825893
-0.443890899
0.583894908
2.67354822
-1.9526912
2.00329804
-0.318137586
-0.129125878
0.0916086957
-0.32086584
-0.556489289
-0.240636259
-0.375523955
0.134702012
0.146214083
-0.0646259114
0.453484327
0.619331896
0.228453755
0.164966404
0.216630399
0.0606900416
0.49047339
0.75202471
0.742684066
0.199868768
0.81343627
-0.224334478
-1.69983995
-0.919275165
-1.52928507
1.65599656
0.487332374
1.11235619
-2.69012356
-2.16442466
-1.77315664
-0.167510539
-0.339662254
-2.73177552
-2.66277838
0.426692218
0.527401388
0.71286881
1.11707473
3.15238285
-0.178246155
-0.850858629
-0.592731297
-0.414695412
-0.165959805
0.045818992
-0.20016031
0.0716029853
0.909534335
0.62546736
0.895260215
0.248495534
0.764105141
0.600098312
0.83483386
1.42420161
0.796560585
-1.55801237
-0.254965991
1.38610208
0.691494465
-1.03885496
0.436925232
-0.86695689
-1.25932658
-0.74807024
-0.435674369
-0.345672041
-0.483672917
-0.419716835
-0.36584416
-0.358116448
-0.245119289
-0.312407374
-0.297674
-0.307018697
-0.393232167
-0.0300680976
0.541846871
0.117522866
0.0339553393
0.272586912
0.262897283
0.075819321
0.0177887939
-0.334579736
0.0918857902
0.0363098122
-0.0282702837
0.008373335
0.0519727618
-0.0927632451
-1.72259831
1.88508618
2.56352139
4.18819666
-1.88066161
-0.526604533
2.61777043
0.474173903
-2.21222496
2.01829171
0.700005174
-1.76753461
-4.47519445
-0.140086651
0.659777403
0.483983219
0.225184917
0.259996086
-0.0809036791
0.215807289
0.133085757
-0.481683433
0.0266495179
-0.0952309668
0.0666795447
-0.283868164
1.0092032
0.650488496
0.852416039
-0.843490303
0.518647075
0.433839351
0.713763356
1.2449311
-0.259119183
2.43793058
0.79127723
-1.9211365
2.18874288
-1.07731974
-1.99837554
-1.54118061
-1.21996009
-1.03385425
-0.46486789
-2.18568969
1.07006466
-0.880850613
-1.90373552
-0.418684751
-0.130250797
-1.89672506
-0.2525177
-0.559895635
-0.708844841
-0.565713346
-0.626988292
-0.359547734
-0.137100652
0.223214582
1.06135261
1.46351945
1.51489997
-0.0584666021
-0.939318299
-0.247042194
-0.553891838
0.303582817
-0.450228006
-0.0546542294
-0.00995572284
0.424673885
-0.500369906
0.778934479
-0.407105744
-0.463694543
-0.0225269943
0.546004653
-4.0826273
-5.5298214
-4.67436647
-2.09742403
-3.78479457
0.290347219
-1.27499127
-2.629668
-1.65460277
-0.932486773
1.72328472
2.6388545
-0.200604811
0.437229097
0.547547579
0.60805589
0.585775554
0.453580946
0.424474239
0.422444552
0.310334116
0.116986133
-0.135103673
0.348796934
0.504978061
0.230786413
-0.0764401779
-1.03635049
-1.24929643
-0.836990297
-0.479361326
-0.373879164
-0.751900256
-0.294501096
-0.494573027
-0.100114346
-0.0734700933
0.269079089
-0.115252681
2.1171968
0.786233366
0.813272834
1.90429711
-0.86656785
-0.84277612
-0.866727412
-0.580811739
-1.23304844
-1.0061717
-0.871295393
-1.0740267
-3.64604616
0.453753501
0.233674183
-0.0782285705
0.274629772
-0.0688076764
-0.253257006
-0.171212837
0.0986205265
0.496449918
0.392660439
0.135045037
0.245650619
0.538079262
-2.37245893
-3.20240331
-4.92365932
-2.83829427
-1.19352221
-0.491801292
-7.79795694
-3.04795432
-1.98927975
0.413209885
-5.40850306
-2.18894053
0.307918668
-0.446203828
0.166949868
0.565250516
0.373653263
5.09078503
-0.428019732
0.0423808768
-0.0166609976
0.863870084
-0.763492048
0.820288241
-3.61472249
-0.253832579
-1.28228533
3.69849253
5.68807793
1.18977571
5.45473003
0.7353881
3.98226547
3.31513095
4.64079237
1.29413605
-2.26030707
3.4497509
-2.10908365
1.0824095
3.34518218
3.54522777
2.14826846
2.81526136
1.88590908
2.19539142
0.708554089
1.49310946
0.812456191
1.64770424
2.72653675
-1.72678602
2.83637738
-2.08442426
0.179318205
-4.01361465
-6.7741046
2.04866123
-3.0789125
-3.9180789
0.696833014
-2.27731824
-4.3888793
-5.39877939
-7.06975698
0.825462103
0.364335507
0.313002914
0.205270156
0.166747972
0.246556804
0.229102135
0.177830249
0.182187378
0.164588809
0.132009402
0.125350565
0.00160821795
2.97738266
1.36162293
1.78407907
3.28756809
-6.82691956
3.30044198
2.28677297
3.67160416
-9.05095291
3.31599379
3.05097842
-5.30567932
-2.38942838
2.5986383
0.897323072
1.38706434
2.0869627
0.164319754
-1.51517057
0.971669912
-0.430571079
-0.653827846
-1.04516828
-0.0494146496
0.25009343
-0.682915151
0.205516577
-0.338693082
-0.183543533
0.0368722007
0.47662282
0.130045786
0.247670993
0.399051487
0.396338671
0.420039862
0.0634420067
-0.0227912813
-0.316327959
0.859601736
1.34813106
1.17867863
2.74322414
0.126170352
1.27223647
1.19231653
1.29820681
3.17526793
-0.272470146
-2.14665842
2.001266
0.241748542
-7.77382708
-4.71819353
-4.3050108
-1.52826893
-1.97628105
-1.83774781
-1.78108561
-5.16343594
0.367513239
-4.61499453
-1.79362059
-5.40024519
-10.8363361
-0.695975065
0.930309594
0.464416504
0.647445858
-0.476757318
-1.15949059
0.50807184
-0.480058759
-0.101110592
-0.808102369
-1.28909647
-1.1432128
-0.758493662
1.73729134
-1.85814786
-1.89181244
-0.686563134
-1.3071177
-0.146216676
-1.54147875
0.288973927
-0.939781904
-0.995300055
1.63130939
2.27691197
1.45010662
-2.11717796
-0.759883821
-3.03104091
-1.2197988
-0.455442607
-0.101776257
-2.86513352
-2.45701385
0.512163162
-1.2849369
-2.17144918
-1.52741385
2.32896256
-0.755389512
0.242371753
-0.553969026
-0.78885293
-1.11070001
-1.99695349
-1.04474247
-0.234576017
-2.52357531
-0.731183469
-1.0739857
-1.26021338
-1.29028869
-0.0137234069
0.604565918
0.323387235
0.592743337
-1.48858404
-1.73421156
1.27072823
0.438429445
-3.74444509
-0.926797271
-1.1821816
0.0335594863
-1.04377472
-0.210631102
0.636212945
0.59240979
0.915826797
0.142982766
0.458364934
0.707463145
0.515501082
0.398472846
0.205753639
0.243314639
-0.218689933
0.304683954
-0.00575495139
0.0123167876
0.18118827
0.899377108
0.269752979
0.064554669
-0.0776636526
-0.0795381218
-0.195255011
-0.171591982
-0.0647539869
0.0233695395
-0.0305673927
-1.12658858
0.691292882
1.51521897
-12.2622662
2.1077404
-0.030298667
0.202129468
1.38792992
-0.686520875
1.91709089
-0.85403949
-2.94422722
-0.716988027
0.185961232
0.305404663
0.348085135
0.205222324
0.225069016
0.187263712
0.108346201
0.0678408518
-0.0264193714
-0.617034674
-0.453427523
0.0146447523
-0.124067739
0.623859942
0.515222192
0.224385858
0.568073153
0.559943199
0.665116787
0.61487335
0.334992558
0.471517295
0.535536408
0.345596582
0.545606375
0.849816918
1.36106789
1.21199107
0.448818594
4.13920116
8.63818645
0.244294643
-1.36132169
-0.944324315
0.98309803
-1.11579275
-0.944722414
0.760307372
-0.234712437
-1.21649146
-7.92871475
-9.27160358
-4.93757153
-0.660545766
-0.814568758
-4.85198879
-4.81343412
-0.865901649
0.83540529
2.53003359
-0.703495204
2.81436515
-0.0833039954
0.219229475
0.625081301
0.818915188
0.693313241
0.395223051
0.711957335
0.263259917
0.396962345
0.385058582
0.507402122
1.13704729
0.325438052
-0.12517944
-2.39345527
-2.70158195
-2.48198867
-6.26850271
0.268323034
-3.33737898
-1.12352514
-6.48021269
0.845164299
0.378827423
-7.44856548
0.298561364
0.289274067
0.317775905
0.364573687
0.346041828
0.462501198
0.729911149
0.303470045
0.22345084
0.10301166
0.0875499323
-0.28448686
-0.928571939
-0.0458577424
0.337916851
0.970736206
1.10284674
1.16865182
-0.164239183
-0.0234099012
1.01616156
0.928938627
1.35976958
1.33182216
1.56463981
0.844641268
0.803731441
0.347531796
0.369446397
0.482102126
0.289788753
0.319944054
0.260589927
0.385404736
0.255653799
0.166759059
0.142789111
0.154931322
-0.298085898
-1.00863707
0.558172107
-0.832615376
-0.875516295
-0.599793911
-0.491293758
-0.562222183
-1.37122762
-1.34319329
-0.14606671
-1.26507199
0.0742542148
-0.505732834
-0.598589361
-2.46853042
7.98522472
-0.22168763
-0.420340627
-0.943979561
-0.909649193
-0.751509964
-0.801855624
-1.6605202
-0.740335286
-0.774347067
0.292855829
-1.58053708
-1.05971539
1.9359405
0.665077984
-0.681405663
-1.9816258
1.75109482
-0.630715787
1.01809585
-0.344476968
0.814037204
-0.0321162045
0.804281831
-1.14088869
-2.31111479
2.86701775
3.46715188
1.58304477
1.6033299
0.563791871
-0.450274408
2.41781783
1.61536205
-0.496266812
-3.54174352
-1.90492237
4.88056993
-0.0113624837
-1.25879216
-1.88339794
-3.2556076
-0.254907906
-5.03372717
-2.66038418
-1.92562389
-2.32172084
-2.35099053
-2.93179226
-0.710571647
-0.795836985
0.0621614158
-0.0108935051
0.114117339
0.671687365
0.528169513
0.0700481385
0.0475107878
-0.0258177742
-0.163289979
-0.029554503
-0.000190874009
-0.0457712375
0.439239264
-0.0319205523
-0.563250661
-0.559829593
-0.54871136
-0.425715148
-0.344624311
-0.278197587
-0.100701772
-0.175294951
-0.0144793112
0.0815068334
0.373372108
0.921065927
0.691116273
1.03589523
-2.35499883
0.893092871
-0.0645430386
-0.436742574
0.515272081
0.235434115
2.20247674
0.312239707
2.04990268
4.75839281
-1.60395813
0.294133365
0.612123907
0.601803958
0.633978724
0.277821004
0.427578628
0.331600368
0.488338321
0.216022804
0.193244308
0.546261847
4.37131977
0.583694816
-1.48960876
4.55511665
-0.0205374062
4.00773859
-0.72203505
-0.00193252927
-2.35045409
-1.07683587
0.437385201
3.33639264
-0.959057629
-1.92473602
-0.312939048
-3.19392014
-3.38262939
-3.63371801
-1.1424371
1.55565238
-3.49365878
-3.91970253
-5.06283808
0.823853672
4.41545868
5.31423807
-4.92524767
-1.01839578
-8.67082119
-4.86567354
-2.57819462
-1.72250903
-1.96427643
-1.42892325
-0.836418092
-1.9452492
-3.50818133
-6.72683334
-3.17560267
-3.32428098
-2.99261522
-0.604616582
-0.282452464
-0.879000664
-0.796440363
-0.270978242
0.593485117
0.480460227
0.618552387
1.02958739
0.820537329
1.44183111
-0.209856942
0.336160928
0.142091975
1.10701418
0.632284343
0.467603475
0.283324182
2.8840673
1.78499973
0.469548553
1.14371133
1.54367983
1.49553037
3.38142347
-0.768810213
0.216231003
0.0575907901
-0.197191939
-0.0733626112
0.240418166
0.04354975
0.325946152
0.325148493
0.15475376
0.0533224642
0.0158134364
0.0948935598
-0.0673380271
1.75988352
1.44734025
2.28307962
0.183269858
-1.01083088
0.457114697
0.306827933
1.67899501
-0.218564063
-0.287605673
0.395012707
0.280475855
0.35069716
-0.205499977
-0.91334182
-1.53039825
-0.745050311
-0.750092089
-1.03429627
-1.11551154
-1.1609199
0.333877355
-1.50245917
0.220127374
-0.207421556
0.86650461
2.48263645
-0.827353835
0.251575947
-0.97361207
-0.0207591541
0.117082298
0.199180692
0.263057083
-1.73133433
-1.10086071
1.35133934
0.475365341
-1.0381602
-0.735289693
-0.55118686
0.0362749211
1.15059674
-1.09567356
-1.01601255
-1.10282969
-1.18578458
-2.45468068
-1.16171634
-1.15363765
0.154408798
-1.58326721
-1.86905742
-0.650290549
-1.06863892
-0.15828228
-0.311675578
-0.561208189
-1.4050914
-1.11306798
0.0773552135
-1.06938004
-0.481467336
-0.834251523
-2.01883268
-3.87064505
-5.63328934
-3.51296687
-5.12161493
1.37425816
-5.86285305
-4.10047817
-8.35215378
5.57352543
-9.31122494
-4.84615088
5.23145056
0.552560151
-0.496462226
0.345391721
0.292463154
0.382929534
0.330992937
0.131456092
0.156717852
0.4140414
0.312619388
-0.00102440454
-0.063404642
-0.0149643114
-0.0753622055
-0.794258118
0.0158732459
0.0289196856
-0.520117402
-0.559565961
-0.364909202
-0.552404642
0.469875962
-1.84186363
-0.95463866
-1.34560251
-0.959741116
-0.65775013
0.041983977
0.409605563
0.564623952
0.0872283056
0.037072923
0.0240558721
-0.155026689
-0.0588868223
0.123718441
0.0487818606
0.0135426531
0.274674475
0.0972778872
-1.63979983
-3.8694613
2.00666404
1.72048283
-0.00630963733
1.92511177
-1.79630935
0.654284716
2.21102595
3.07129836
0.942645133
-1.14992237
-0.182694688
-0.0406060927
-0.271635711
-0.303679854
0.0169745088
0.0718628988
0.0343194716
0.26891163
0.116984643
0.275545925
0.137575075
-0.0130687142
-0.840174675
0.313508689
0.448923767
0.443231821
-0.0547871664
-0.455825269
-0.116562381
0.24570252
0.176430434
0.0903821886
0.201387033
0.0272209849
0.0700496137
0.0751325265
0.119483486
0.141233742
-5.31943703
-0.531808972
-2.67965055
-6.71213055
-0.224404559
-4.51570511
1.25217557
-5.8978548
2.31746769
3.71839476
4.20926523
-0.00755472435
0.173765048
0.270559967
0.205852941
0.136649162
-0.00491532171
-0.820414722
-0.124013096
0.0894091353
0.157871455
0.135919377
0.269230902
0.302441269
0.328675091
0.0727481321
-0.00147169968
0.0765260011
-0.151539549
0.0437388457
0.347654223
1.31646669
0.46260801
0.0543229505
0.0707462877
-0.0608171485
-0.302250892
-0.477209777
0.212341875
-0.442277163
-0.768711448
0.0910392851
0.292270333
0.293879867
0.425494313
0.298192024
0.319610208
0.251240224
0.304578185
0.246622592
0.313378364
3.16238952
-0.967410684
-1.0583638
3.56727672
-3.19483852
0.847418368
-2.41489792
0.580616534
-4.05056143
-3.95909166
0.241133913
-0.405682117
-0.803703547
-0.00927184988
-0.539431632
10.8347845
-0.394712567
-0.828789711
-0.5288378
1.3392359
0.435175091
0.288049132
0.474356592
0.421859473
0.930039465
-1.17469418
1.15240085
2.47648716
2.27143216
1.99698424
1.07416511
-0.111695983
1.47740901
1.63695717
-0.392540634
2.10034895
-0.745150089
-0.124053523
-1.74324453
0.525007069
0.145358205
0.0883474424
-0.0237555299
-0.166386068
-0.272344083
0.104007423
-0.0538063459
-0.308178693
-0.429919422
-0.295599699
-0.228537843
-0.120744519
0.0853674933
-1.05906546
-0.699700832
-0.996201336
-0.31322512
-0.353274524
-0.812336743
-0.690118015
-0.407260299
-0.564900815
-0.507651448
0.0438229814
-0.141392455
-0.137625411
0.327530146
0.252430975
-0.179293662
-0.671381891
0.173559889
0.529756129
0.261404246
0.525572956
0.525345027
0.7545169
0.273397446
0.241515383
0.12219134
0.237688661
-0.0183460452
0.140728474
0.0835079849
0.148538694
0.229072466
0.00597500009
0.394710213
0.424852967
2.69360971
0.200989917
0.216339365
0.141036242
-0.0262492914
0.0173408631
0.22241421
0.306691945
0.0360211171
0.030502867
0.168040603
0.300323725
0.435420066
0.515594423
0.637984574
0.404610008
0.0162879657
-0.218494236
-0.00702905841
0.334123313
0.127116308
-0.0925283283
-0.185249925
0.0161047187
-0.769255519
-0.151934028
0.200523987
0.31791535
0.501105249
1.54476285
1.06507361
1.93886936
2.16844058
0.694131851
1.62192988
3.50967002
1.59688771
0.0564343408
0.694082081
-0.49316743
-0.0297970958
1.82184601
-1.5373702
2.24956608
-1.02239144
-1.18310702
4.85907173
1.74115145
-0.764619112
1.77022994
1.57942176
-1.27157962
-3.16075563
3.89032817
1.01954949
-0.668305159
-3.52359867
-1.2282114
-1.36788523
0.600170672
-3.33708072
-2.2944088
-0.227313876
1.11504889
-0.85711205
-0.478712529
-1.61761415
-1.44523466
-0.12096104
-0.293634146
-0.199020281
-0.150476769
-0.0942758918
-0.19860287
-0.0435656793
1.00398886
0.0380783714
0.092260316
0.0894938484
-0.042349916
0.032835152
-2.80183291
-1.74696267
-2.35615635
-3.1694901
0.277837515
0.32715264
-1.30668771
-0.982891619
-2.10222673
-0.72471559
-0.672589064
1.20253658
-0.036096938
3.35051227
0.872718811
0.463323295
1.76138377
0.414144665
1.43085825
0.55944401
0.692215502
1.50520945
0.470464319
1.95078993
-0.62556684
2.03375173
0.249051407
0.445509195
0.334149927
0.308366418
0.205263481
0.151395425
0.276867121
0.264975786
0.228515849
0.272901386
0.329912931
0.0255405474
0.057517495
-0.561628938
0.736794531
0.463072956
-0.676469326
1.74042487
0.290343612
-0.13421981
-0.9221403
1.32858002
-1.17372775
2.1437633
0.815313399
-0.119737245
-0.186143547
0.831301332
0.156183153
0.445780039
0.0984632596
0.00750385644
-0.271589369
0.226810351
0.258826345
0.536915064
1.19227982
0.955945671
1.06084836
-1.0867275
-1.84137654
-2.18823743
0.0234252512
-3.4103303
2.01438379
-0.391390741
-0.972523034
2.62334895
-1.81588662
4.1998024
-1.72959948
2.33931565
0.501999259
0.201195151
-0.097049199
-0.124911658
0.0544961542
-0.00470252242
0.241065279
0.0291798487
0.026654847
-0.00687853899
0.00720955664
0.074290745
0.278512806
2.22476387
-1.88424075
-2.74247718
-1.05170858
0.338734478
0.943764508
-3.80446267
-1.06979775
-0.444053888
-0.804826081
-1.54269361
-1.79999089
1.87450933
-0.0246328153
0.086218372
0.705037355
-2.48602557
-3.15232515
-1.78930831
0.420226991
1.07095206
3.17071962
0.341625959
0.664268017
-1.63874614
4.3741827
-0.250208467
-0.401594311
0.237198085
0.00227854773
-0.29769057
-0.372314543
0.426976353
0.273130506
2.91429925
-1.54947066
0.657007933
0.367778212
2.93887806
0.648551226
-0.270543844
0.26457873
0.13816987
0.693618238
-0.0401103422
0.200233832
0.527970254
0.962292194
0.366382211
0.326516122
0.197767153
0.335820943
1.31508684
-0.960190296
-2.1790576
-1.66887546
0.494589239
1.57384443
-2.29158187
-1.36241508
-0.297824472
-2.07113862
-0.856590509
0.178704023
-0.790429294
4.02465439
2.36205673
1.02689588
3.18252993
0.771898925
4.56657028
0.474525064
0.180629775
6.18962145
-0.388672143
3.0515964
-1.21081221
0.00520097837
1.41122591
-0.625486374
-0.685079157
-0.801008582
-0.32485351
0.195916712
-1.29946065
2.13925934
1.46934307
-1.90447354
-0.0227826722
0.188601121
0.833403051
-5.32284355
-0.447767735
-0.987509251
-1.17339802
-6.26491785
-2.34110594
0.00858513266
0.924803436
0.826027572
-0.900702655
-2.3806448
0.493452579
-3.62367535
-2.28050804
-3.45636797
-3.73011017
-2.50488496
-2.17809916
-2.91917086
-3.52404141
-1.25792468
-2.2611587
-1.07157242
-2.31221843
1.1217773
-3.23813176
1.10151339
0.00592354964
-0.249382704
0.195562825
1.00623322
-0.330796957
-0.777816355
0.76163125
-0.447250575
-0.28837502
0.100906998
4.03757429
1.32008708
0.266795278
0.0543756709
-0.0837228596
0.273696423
0.225768209
0.124373354
-0.00194087694
-0.250770748
-0.177863434
0.435067326
0.206716225
0.482857615
0.0547476225
0.896837056
1.59023583
-1.87595952
2.21800351
-1.22015655
0.390626788
0.68553865
0.01339796
-2.87468624
1.56995511
-1.93749285
-1.10529852
1.92073345
4.04873562
-0.810728848
2.33303452
-0.457405061
1.83888459
0.931399047
0.0628349036
-0.0128726112
-2.13654375
6.13337421
-0.308005959
-2.45671272
2.67153025
-2.1609652
0.685135543
1.83765793
0.279915333
3.42083836
-1.76216972
1.48376298
-0.711420953
-1.44263256
4.08474159
-1.62333834
6.65943241
-0.870545566
1.56999934
4.71344614
4.45327806
3.21773791
-1.47952628
1.74119687
2.93372059
4.17017794
-2.20129561
-1.16582572
-1.33234501
-2.02042365
1.86415815
0.381484717
-0.0767352581
-0.16633448
0.0113322381
0.0448939502
0.13769947
0.226046249
-0.0208161455
-0.00952014886
0.0273464285
0.185871199
0.0558337756
0.224200442
-0.0296498574
0.0862196833
0.0834850892
0.0384217128
-0.0067739049
0.039082557
-0.0389424302
0.0834327564
0.260925889
0.616097331
-0.11038357
0.00229304563
-0.256964386
-0.0289213788
0.278014421
0.0676199123
-0.260390311
-0.574557662
-0.0930644572
-0.038986668
0.0297216699
0.0776660591
-0.104763582
0.0124951554
0.0384439789
0.0426922888
0.0268636104
0.0230590329
-0.0611836277
-0.171289921
-0.0821200982
-0.165302128
-0.0393250845
-0.145954505
-0.630452454
-0.0900405198
-6.83595658e-07
0.0197313856
0.0817987621
-1.92156923
-2.34555316
-1.00570428
-0.408806413
-1.86544764
-0.86078012
-0.709914923
0.358705938
-0.369793057
-1.40228021
-0.0405550264
-1.20778835
-1.99122775
0.181110412
0.441576451
0.386509717
0.149070159
0.681853831
0.53968364
0.528952539
0.261309713
0.441042066
-0.120672733
0.154232368
0.378906131
0.411823153
1.05554354
0.296413779
-0.409418613
-0.307806402
-0.106414087
-0.343634546
-0.950785279
-0.599522173
0.0415968671
0.242135406
-0.258956373
0.994927883
1.20574176
-0.41583544
1.36458135
1.08009899
1.1142956
0.0870758593
-0.0710776001
1.21674788
0.514111936
1.15859139
0.724494338
0.0617408194
1.24910295
3.69058299
0.711181939
-0.685937285
-0.593456924
-0.986597419
-1.21543348
-1.19877625
-0.685795784
0.0563528687
0.553367317
-0.0958877206
-0.286785841
0.395016581
-1.42006397
1.10986173
-1.52377236
-0.785439968
-1.69937611
-0.715028465
-0.0240771919
-0.491390914
-0.347117275
1.00699532
0.880786955
0.307000697
-0.635597527
1.00176859
2.2685008
-0.506696939
-0.650997639
-2.7543366
1.70773721
-0.30614239
-2.60450983
-0.921540439
-3.56368327
1.56898046
1.16438079
-0.0879856572
0.231697932
1.04488015
1.26822853
0.344793588
2.58159614
0.487939417
0.760792911
1.94463885
1.0066905
1.28139579
0.984413087
1.23015046
1.38486338
1.06007719
0.795455098
4.83511353
5.83562374
2.29986382
2.66481686
-0.750983059
5.14879179
3.62566376
0.915872395
-1.44689167
0.823378801
1.85105431
0.636693597
0.521718383
0.302240968
0.367130607
0.226295933
0.485868543
0.598806918
0.347906828
0.301616669
0.374533892
0.498874813
0.488086581
0.637458384
0.485438406
0.0751201957
-1.03373301
-0.608844161
-2.16602039
-4.27938938
-3.33107638
-3.82726908
-2.18086934
-4.25965691
-4.24375582
-2.5763607
-2.13282013
-2.49266815
-0.168337286
0.516246498
0.459617645
-0.184085667
-0.102604046
-0.0688725188
-0.166734502
0.0847468376
0.100003786
0.0271885414
0.0521177575
0.0452631563
-0.000607883616
0.344985038
-0.935127139
-2.94920373
-2.40828395
-3.0900352
-1.2473104
-2.47441983
-2.59298944
-0.827099919
-2.4662056
-0.123310871
-1.53771579
0.224077836
0.188167945
0.725091934
0.320325494
0.335701823
0.273026198
0.426742285
0.512642205
0.360933363
0.408719957
0.128506362
0.555500388
0.0709219277
0.736743689
1.71488416
-0.357257873
-1.84089243
0.967211485
-0.102125205
-0.242099434
-0.385590404
-0.681231439
1.9246695
4.02724314
-1.03030503
-1.51038575
1.60030186
-0.184222102
-0.375247359
-0.410431206
-0.484586805
-0.4819749
-0.0139609026
-0.44061318
-0.266366512
0.0735217333
0.0321996175
-0.0868457109
-0.190528512
0.660437286
-1.88305724
-0.196104631
0.0595299862
0.186982542
0.290342629
0.243466645
0.281551987
0.0766962394
0.217238843
0.21268557
0.258591175
0.28585282
0.344908506
0.0587181635
-0.450408876
-0.591035187
0.08351174
0.0916871578
0.125366285
0.12165577
0.0649802238
0.330792338
0.338915586
0.154543713
0.0330755152
-0.0161602441
-3.03683424
0.739617646
1.01988029
1.36548269
-0.955352962
0.16137208
1.6410991
1.73648715
0.920323372
-3.0527997
-2.01058888
-2.3063798
-3.50249338
-1.12088108
-1.33760393
-0.971932769
0.169527888
1.67295468
0.843096256
0.350356817
1.87361836
0.0904701352
-1.65501356
1.15804195
-0.0876587033
0.888043404
0.245270237
1.2212224
1.9230547
1.72575366
0.556577921
0.881269574
1.14495635
0.6646294
0.105197266
-0.426587552
-0.425559103
-0.134413511
-0.653920174
-0.420816511
-0.326097012
-0.163504466
-0.360344291
0.0334946401
-0.180015668
-0.208040759
-0.120669298
-0.877025723
-0.560449004
0.235992968
0.0391764306
-0.0229681265
-0.281944782
0.405144066
0.412077844
0.0762000978
0.261882037
0.266286045
0.446144253
0.417823285
0.929613829
-0.0681577325
-0.1969724
0.116615936
-1.44447541
0.066076614
-0.456568927
-0.3813425
-0.214761853
-0.274134994
-0.270430416
-0.221663073
-0.164114594
0.201900318
0.0381191149
-0.120505519
0.0372184478
0.0420648456
1.1136533
-0.132265598
0.434501767
1.9410789
-3.58110332
-1.99870634
-0.38448754
-0.886239171
-5.96637774
-2.8333652
-4.65435505
-2.09913826
-0.0210880209
-1.30699217
2.45026302
4.01437235
0.915732145
0.989251912
0.730939031
2.32408237
0.57661289
0.292997926
1.64710605
5.03492928
-0.671948612
-0.820271432
1.79782832
3.20129228
5.31218147
1.54622829
0.485856235
3.47103167
0.530580103
2.4311254
0.982339263
1.1084398
0.98598206
5.06899261
0.980758131
0.177520514
0.149240166
-0.129897922
-0.170964867
0.164882407
0.115125887
0.263942569
-0.0256009195
0.0510637574
-0.0149480496
-0.0129702911
0.131804898
0.299739361
-1.12348282
0.0322762877
0.139883831
0.189142376
0.171640292
0.164985716
0.166395262
0.148928851
0.178261951
0.212382779
0.187885389
0.182906568
0.0644497722
-1.04523253
1.04288244
1.72142851
0.923964083
0.531939805
1.5669235
0.740168393
1.15084898
0.336901307
-1.48111916
0.631937146
1.11231196
3.43143034
-0.676637888
1.16835141
2.03835392
0.379313111
-1.61537635
1.99916399
-0.528811753
1.3690325
0.742218554
-1.2368964
1.01258528
0.698688447
-0.642050624
-6.72268152
-6.08266592
-2.39543104
-7.49837685
3.82395649
-8.14911652
-7.82293797
-8.51730347
4.72693443
-7.27407646
4.56811476
-4.55350828
-2.79873466
-3.82132506
-0.602190018
1.13639641
-2.2567215
-1.80013907
0.238074332
1.39135885
1.23895681
0.922183156
0.735344946
1.74736381
-3.70377159
-3.26811314
-0.235704437
0.000405485625
0.00343256933
0.0826101676
-0.00524666952
0.1528842
0.137331367
0.0151925916
0.0921447799
-0.0331203528
-0.118511669
0.0277825035
0.712263286
-0.0985512733
1.06084502
1.53321779
1.29849756
0.569187462
0.150190845
1.6931814
1.8142482
-0.0457222536
0.764509797
1.42500031
-0.107273117
1.07591069
0.787375569
1.19624221
1.26449406
0.572363973
0.0355567411
0.0684361383
-0.212415412
-0.455089718
-0.257045835
-0.175803706
-0.514834106
-0.121815979
-0.443666309
-0.209942564
-0.0471862704
-0.0202671085
-0.213269547
0.290160358
0.24168393
-0.106158763
-0.156759053
-0.0665358081
-0.401246101
-0.076458782
0.0908437371
0.269477427
1.84517646
0.522570729
0.246125445
1.42353249
0.868179142
1.71848381
0.406064689
0.929703772
0.298638195
0.258229911
1.5356009
0.354130954
2.42194819
-0.999643087
0.0260693878
0.821346223
-0.320982426
3.0204246
-0.310729325
0.315908015
15.5978851
-0.456205547
-0.558681428
0.655909002
0.379894465
0.785370111
-0.456262767
0.75672102
0.063437283
-0.159726888
0.683243394
1.23928177
1.43665409
0.42523095
0.576146185
2.75387049
1.4378407
1.08525658
1.20134342
-0.886801898
0.477448046
-0.200128749
0.927655339
0.962648511
0.586927354
1.75911582
1.29406452
1.4250114
0.711984277
0.123247802
0.557581007
-0.615164578
-0.072818853
-0.0606820509
0.038971018
-0.00646528089
-0.0010697681
0.0474222936
0.0888299495
0.0838880017
0.155717358
0.150587931
0.0956774056
0.0612677895
-0.124417603
1.58461499
-3.41988349
0.63728565
-5.02714252
5.57759237
-3.637959
2.27911592
-6.8003602
9.53010368
-7.50744963
2.93885183
-2.41092587
0.288782209
-2.61408138
-4.45433044
-2.84272265
-1.69272816
3.34525275
1.45310712
-2.26176667
-2.53459907
-0.666273057
-0.0990841538
-0.507148564
-0.0588459931
0.830111444
0.810726881
0.229300275
0.770244837
-0.143767864
0.305525005
-0.259153605
5.6258626
-0.409628212
-0.82393223
0.0323137641
-0.009162114
0.0739043877
0.351613164
1.85267985
0.159616694
0.942180216
4.73127317
0.961233735
-1.28025448
0.345255852
-0.674804509
1.75098491
3.9535687
-0.285037369
-1.64660048
1.16368961
-0.124688886
0.0685583949
0.269949228
0.478669345
0.228815734
0.167973205
-0.0578993447
0.000327570044
0.0496776663
0.0299111344
0.16531992
0.223264977
0.138871223
1.44935381
0.316927612
0.784955442
1.23628664
2.85876274
0.913853168
0.499214768
0.710724354
1.45694029
2.74822426
2.09000826
2.43427372
-1.21258545
0.36032033
-0.52782166
-0.647523582
-0.181679666
-0.826611459
-1.14212441
-0.671064615
-0.535067439
1.10377944
0.174930215
0.130315766
0.119480528
0.526921391
-0.178906485
0.471633017
0.427258641
0.504825175
0.110198796
0.343212187
0.335553467
0.440088898
0.923764229
0.702645838
0.383626431
-0.20872125
0.213061094
0.69830668
0.188607648
0.218739033
-0.279358685
-0.218937382
-0.119118743
-2.98439431
0.888066649
1.48478782
-0.678046703
1.32402992
0.550752401
2.62359691
-0.0323770903
0.332652003
0.0984035954
0.358853102
0.188617334
0.102716506
-0.158608153
-0.794530749
0.0846254081
0.218026713
0.201382831
0.307710648
0.622212648
-3.59225392
1.51596534
-2.81483436
1.20572376
0.906144559
-2.90061855
0.978352666
0.448919207
0.214486986
-3.95911336
1.08765924
0.733053207
-10.4519243
2.55974793
0.568108857
0.271407753
0.659977257
0.30150333
0.0250539817
0.334923476
-0.795280397
0.247686654
0.338407278
0.676778257
0.813634217
0.192091137
-2.73419881
2.53839254
-1.54279613
-3.48958778
-5.13425016
-1.33077204
1.16362071
-5.35483313
0.587268829
-6.05282021
-7.16792393
1.35859561
-3.29852605
0.245130137
0.40733999
0.386225283
0.150729984
0.285904318
-0.0119906059
0.117948286
0.459467024
-0.0215722434
0.0570131131
-0.205239788
-0.430725962
-0.0539581142
0.654316247
1.16733277
0.985366464
-0.387712151
-0.595866024
17.428894
-0.884711504
-0.248042807
-0.642971337
-1.60323191
-0.884082377
-1.86159134
-1.87738633
0.138363644
0.192160532
0.2851547
0.0792054757
-0.0751072168
-0.0202858336
-0.0608835444
0.310016364
-0.063810274
0.176336065
-0.183766946
-0.25652653
0.867164791
-0.506702602
0.537801862
0.451340944
0.631700039
0.583260834
0.331466973
0.685256958
0.605582118
0.768064499
1.33881462
1.86398554
1.31790996
1.26886511
1.57562137
1.94694781
1.55974925
2.4651494
0.309146225
1.35606587
0.843210042
0.9317047
1.61278844
1.56996596
-0.0428131334
0.726058543
0.150165558
2.17983818
-3.55696297
-0.373255968
1.90982664
2.4696691
-0.475178033
1.02178133
-2.92544007
3.95712423
0.443928331
1.72975862
3.48667288
-0.74457854
-0.677232862
-0.34148103
0.76307261
-0.115626
-0.508085787
-0.272911161
-0.419731617
0.0785692111
0.281429678
-0.421958297
-1.04368031
-0.11925111
-0.905880153
0.199396372
-0.138129935
-0.278457761
-0.313762188
0.226496875
0.237523288
0.344871759
0.278389037
0.273078114
0.189578265
0.141019523
0.157711059
0.031232642
-0.399788946
2.73793173
-0.511901379
-0.638698518
-0.582861543
0.539264679
-0.782919407
-0.615285635
-1.09920967
3.5491209
-0.75313592
5.0682373
0.0825383365
-2.00593972
-0.427943826
-0.742113173
-0.386426955
-0.0884435773
0.21181491
0.10502407
-0.0921198875
-0.591979086
0.289964885
0.273300439
0.287038058
0.53234905
0.109664246
-0.362893611
-0.183061615
-0.178819537
-0.012912944
0.0671784505
-0.0468343943
0.0839368701
0.343303949
0.2276894
-0.0325460359
0.0620315112
-0.29768914
0.0491491966
-0.00937250257
0.838118374
-0.116802514
1.13885903
-1.00441456
0.495852679
-7.49391508
0.340681612
0.340662152
-0.456481159
0.233144999
1.61775911
0.520245373
-1.29906595
-1.23664045
-0.938499749
-0.28838855
-0.765483618
-1.10258007
-0.888380408
1.55402398
1.12349916
-1.67037475
-0.994256437
-1.98401165
0.38613221
0.103042454
0.246017665
0.37169534
0.516472638
0.0905439556
0.385018706
2.4352293
0.531312406
0.290086448
0.466796935
-0.0526912436
0.279733241
-1.04912782
-1.60940301
-1.55005527
-1.00908244
-1.74632001
-1.76408339
-1.3863672
-0.18524529
-1.43963003
-1.27828038
-0.896384895
-0.821174145
-1.38784683
0.2867167
0.591039956
0.555496752
0.676002502
0.361772656
0.343972921
0.670966804
0.305899262
-0.0695002675
0.419578284
0.297558784
0.228800416
1.43060815
0.519248486
4.12021637
4.1767025
3.07045364
4.07183933
2.00051832
3.55880499
3.97643828
-1.25408649
3.15390635
1.74650133
2.68194747
2.97880864
2.73500204
-1.11337686
-1.45480967
1.64929914
0.612004936
0.407668024
-0.946997941
0.466973901
1.23828399
0.351637453
0.288573742
-0.427752614
-3.25917149
0.357643604
0.357026905
0.4229047
0.358546019
0.528546691
0.709034085
0.470292509
0.472192764
0.526933551
0.447295666
0.517225146
0.309288591
0.452101827
2.04469776
0.167254642
0.702400923
1.05322075
0.965949178
-0.645944834
1.6428498
0.489334255
0.984058142
1.26387143
1.78538132
0.114034683
2.60263181
-0.206672311
-0.134709582
-0.301789641
-0.100907415
0.0224958826
0.0734671131
0.193930119
-0.0364921801
-0.00116280431
-0.0153425271
-0.0866788775
0.0604148284
0.144889474
4.72712755
5.23042774
4.01710701
0.965499282
0.186300471
4.5168128
2.6188333
0.140105695
-1.97291648
-0.110004291
3.08644462
0.377808839
1.71189237
-0.744631886
-0.0372574106
0.187973276
0.14807497
0.781244695
0.544048011
1.11453581
1.29861867
0.0990466103
1.38001668
0.0999536067
0.610785902
0.335678935
1.45834601
1.35831678
1.48473406
1.37510955
1.21666121
1.40871322
1.28686917
1.18910277
1.12153494
1.09650397
1.10198593
0.811052203
1.07587492
0.197543651
-1.57087195
-1.23743391
-0.948579013
0.172680318
0.649911642
-0.929327369
-0.682961881
0.276374042
-0.0196796674
0.361443877
-0.421666056
0.547959387
0.043366503
1.99903846
0.165114075
2.23153138
0.726578176
0.215194717
0.461967856
1.92975044
1.81004441
0.34515208
-0.341063797
-1.2375648
0.305778772
-3.56727099
2.09840178
1.0201658
0.791163445
1.40281117
-0.935461819
-1.58828318
-0.27007851
-1.82541847
-2.17460251
-1.67029142
-0.0850906372
-1.1647476
-3.01524901
0.863336623
0.895257831
0.908265233
0.766658604
-0.374182761
3.91663909
1.06420279
-1.44022417
2.09112787
7.12665367
0.590191483
-1.38286984
0.314526021
0.73327899
0.553008795
0.883203626
0.0480949134
0.192718208
0.44096607
0.034501642
0.322764695
0.411454886
-0.197371334
0.131630063
-0.231766641
-0.743408084
-1.58598971
-1.27690339
-1.55079496
-0.0129244886
-2.06306052
-1.47754085
-1.2678628
-0.0380423591
-1.33156848
-1.94279671
2.96389699
-2.31655884
-0.623246789
2.29701877
4.39127684
7.68324089
0.0899389684
1.16822815
2.14449596
1.79602301
-0.578031778
2.64780235
0.962233722
0.765189767
3.69574594
0.162075728
1.18997574
0.944508791
0.473647326
0.360080212
0.249252975
0.280238569
-0.147750378
-0.0865248293
-0.0499471538
-0.464549273
0.00357264257
-0.0915068835
-0.255254447
-0.0948945805
-0.162633523
-0.259328246
-0.575114846
-1.09207594
-0.448277384
-0.136917144
0.00114313758
0.404354483
-0.0147534246
-0.0115974378
0.0956507698
-1.182845
-5.14881945
-6.42185068
-4.78884363
-5.22615433
-2.41920805
-3.81256104
-3.68561149
0.260700375
0.100658447
-3.43991423
0.37979123
-1.47022223
-2.1098783
0.999255121
0.94863832
1.38893259
1.4489584
1.57224274
1.56130993
0.770234942
1.00168025
-0.401283443
-1.00880992
0.553457916
1.82430661
-1.34953082
-1.71333325
-2.59792852
-4.75596666
0.17470111
0.81964165
-0.664763331
-0.628848851
-1.1932013
2.10181975
1.93969476
2.40081906
1.64256251
1.16099823
0.322507203
0.356439441
-0.0709742084
0.355953693
0.443412989
0.567021549
-0.100580201
-0.919888496
-0.92165643
-0.653389513
-2.29118276
-1.03233242
-0.0365414619
0.127416313
-0.145333931
-0.105917498
0.159754395
0.0469642729
0.217849091
0.0181371588
0.268080324
0.228566229
0.112038933
0.14288871
0.125317454
0.178504705
0.180631787
0.11706844
0.129203349
0.0557010882
0.018351363
0.00740094157
0.0511826724
-0.140972197
0.0123999324
0.0576686785
0.247427613
0.173744112
3.19109321
0.438926488
-3.04840183
-3.93865657
-0.977884948
0.731268585
-0.635355592
-2.59596062
-9.00701141
-0.969378948
2.61864138
-1.20919037
1.07495642
-0.117803365
-0.351866007
0.118796691
0.264233202
0.224668279
0.690452218
0.670272768
0.618730247
0.457731217
0.290501982
0.408367544
0.158380628
0.288203567
-0.75104326
0.628110647
0.586698353
1.05413806
0.154254153
0.100381114
0.614334226
0.288611442
0.394428045
-0.582083166
0.336596787
-1.00519598
-0.586168885
-0.0701508299
0.0396040492
-0.153006002
-0.287085563
-0.736494601
1.65375674
1.36774004
-0.157509163
-0.0690464675
-1.18088615
-0.861562967
-0.0597449988
0.370638967
-0.548164368
0.0945765525
0.491767704
0.964146674
0.0472592115
1.0362581
3.05627942
-1.13028812
-0.681548953
-0.0948492736
-0.115514465
-0.14794293
0.495287359
0.26243633
1.0326618
0.986683369
0.416437328
0.23349604
0.511334479
0.577207923
0.587106884
0.536395907
1.03313994
0.583469629
0.350831956
0.227896407
1.08417833
0.97943902
-0.205585063
0.124708004
0.325879008
-0.834755182
-2.51338291
-2.29732156
0.410467327
-2.93909311
2.71930981
-1.90621769
0.118096463
1.30383027
0.384289235
0.0894996673
-0.104747646
-0.116703801
-0.0869183913
-0.139805898
0.0329309925
0.00756122125
-0.0854200348
-0.111406147
0.0238844622
0.00961667951
-1.48684895
-1.80729139
-2.29052925
-0.853822351
2.75526786
1.54884589
0.321363479
-0.102948695
-0.636173248
2.12339115
0.50107491
1.09792197
1.28966081
1.43138194
-0.549791098
-0.929257214
0.218047306
-0.2089127
0.279012591
-0.432888836
0.512621343
0.696227789
1.34483421
0.89491713
1.07457078
1.45165873
-0.0913175046
-0.0503840335
0.237249747
0.00172619743
-0.071242556
0.177422836
1.90889525
0.336584985
0.105726413
0.0648186281
-0.06941659
-0.382268101
-0.236501694
0.00201143231
-0.268575341
-0.106023379
-0.254962742
0.0192939863
-0.00553524494
-0.0117980437
-0.154401258
-0.240293622
-0.852247179
-0.612197936
-0.113067485
-0.183490738
