2.52700591
3.10797
3.11797595
0.298311412
8.42662239
0.363444626
2.37537313
5.33557177
5.77915382
4.96616125
2.50562787
2.19010425
0.4792822
5.13469839
-2.91458273
-0.839031994
-0.967753172
-7.13124275
-18.3192787
-26.4353733
-16.6863728
-8.34367943
-16.9580956
-15.7083092
-15.3294954
-15.7596722
2.21865106
-2.19427586
-4.11893368
-2.69702959
-1.91845369
-4.88232994
-1.25282276
3.28972864
-2.27338099
2.67249537
0.0890197679
1.76166487
-1.8146863
10.0024719
9.84981823
4.63320541
10.2819204
10.740427
16.1687241
-6.42603302
-6.83090448
18.9753876
15.4546022
13.5973024
18.5593605
-0.917610705
13.8509569
-1.75111878
-1.92435455
4.74539614
9.08598614
9.1737833
1.90300488
3.35409188
9.85884857
-6.04534435
9.14520359
0.236423016
7.33679199
0.122529805
7.1650219
9.65175533
8.83256912
3.27435279
7.47429705
9.17113209
7.41393757
0.0685278922
2.9418211
-0.134671658
8.00674915
8.01165295
9.89896488
4.99891949
7.42054939
7.05977488
9.62507153
7.72206116
9.96187878
11.7144127
7.03078604
7.04947519
10.4622107
6.80346394
9.77789402
0.374077559
-21.2796402
-26.8271542
0.25752008
-47.6690826
-14.3162956
-22.2793961
-28.5452461
-16.2860832
-39.314476
1.16647899
-47.4235916
-16.7075882
-6.21665573
-7.96052551
-7.33994055
-4.93560457
-8.51662636
-5.99734783
-9.77075672
-5.8287487
-2.79501891
-3.65165949
-7.97898054
-2.13241887
-6.2165308
-4.50421095
2.03685284
1.7549063
-2.58825707
-0.838844299
-3.21329808
4.32899475
1.58736134
-0.136098966
-0.236491993
1.45849776
-0.623589873
-9.07710457
-0.138652116
3.26344633
10.4264269
10.1403065
9.40254307
12.2629147
11.7240705
7.31646013
0.557772934
8.28113842
2.26252151
1.21801341
12.3699055
-16.755867
-13.0828066
-9.04107666
-13.048151
-9.96296501
-20.403017
-13.6932554
-9.6847086
-15.3422041
0.00647402089
-19.3124065
-8.2318182
-8.42648983
7.67999363
4.38163376
4.50444937
5.81559181
2.01560473
3.82483768
4.90153837
3.64396334
3.49348187
1.12897706
3.29920053
4.49077797
3.89162827
-0.456640929
-0.108137593
0.435370713
0.563932061
-0.570194602
-1.24758351
0.22492519
2.12644053
2.00359821
0.338784486
1.17498517
0.486813128
-1.67400658
22.0498161
10.6286964
5.07137394
0.622114062
-6.41604137
-15.2719173
-30.8030396
-35.3924484
-3.6413002
-16.0147057
-27.8861141
-58.3640709
-25.6652603
-10.3883486
-12.1246681
-12.7302094
-13.005559
-13.9954462
-13.517827
-27.3008575
-16.2451782
-3.93631244
-17.3213806
-9.86800194
-16.6037102
-11.269207
-2.20076251
1.90203595
2.11898851
0.541719735
1.88737881
-0.162629843
2.14669824
2.22903514
0.363672942
2.05605531
-2.11079383
1.62294161
1.42207778
-29.6079826
-22.4645901
-17.837141
-16.7005253
-21.0216904
-15.2010717
-20.3471546
-21.717926
-25.0993462
-22.2692432
-29.3113213
-16.0732174
-7.88887405
2.10577059
-0.313643873
0.742399096
0.667793632
3.54604077
5.10215616
1.15492916
0.00187301636
5.2624464
5.57804298
3.3679688
1.1245718
3.78216624
-5.92063427
-3.37322164
-7.07433271
-11.6045818
-8.0893364
-7.66890907
4.65238428
-2.08713818
-5.07350779
5.23838949
-0.383346051
-5.51865387
-6.25783587
-30.2260628
-35.9682732
-35.3514938
-26.0706635
-34.5329018
-22.7035103
-26.6566029
-32.4416847
-10.859561
-15.3489742
-22.1886902
-24.8452682
-19.0363426
23.5655632
-25.9280453
-19.4576817
-4.80628204
-23.2882881
-8.36779976
-28.573658
-46.5855751
-29.5495396
-35.7910919
1.83698213
-5.39712191
11.0603867
26.1012325
14.7430162
24.3302631
29.8393784
23.0594769
31.0024757
36.789875
34.4708328
21.9419041
7.98943996
17.6673832
15.436161
30.3366547
-1.46798241
-14.4206343
-12.3867483
-10.4624634
-14.3061152
-15.1683321
-23.5032997
-14.3160524
17.7947788
17.3117943
0.695194006
-3.04656196
-4.35712242
0.242368907
6.49868441
12.7078276
9.83153152
6.74595118
15.9580402
13.5895042
6.58412457
11.2538385
1.03493071
3.69049311
0.0886248052
5.46408319
1.53854489
-1.9232167
2.44463396
0.693226635
-5.11412239
-4.76193666
-18.2603168
0.250682592
2.37082291
-20.3691959
-13.0781307
-6.86002159
-3.00816512
19.9878693
41.4307709
55.0838814
53.8977852
53.6075554
54.10009
59.2666245
60.2910614
51.2676697
23.9492073
31.5539608
9.23794079
-27.911396
-10.6402674
3.95427251
2.6420083
0.066318661
-2.72283244
-9.95217037
-2.53317618
-5.16775131
-6.80446148
1.36911345
-7.59325647
5.34180546
9.17727089
-27.5595226
-19.3320179
-16.8200645
-12.1090136
-35.477581
-16.3376274
-19.1121826
-22.057457
-34.5038643
-24.0471172
-32.567318
-21.9885788
-6.40520096
-1.00999701
-7.2011919
-9.49267578
-8.74874306
1.46027792
2.99721003
-8.774189
-6.35210419
2.4900279
-12.7040129
0.334143817
-6.69581652
-3.47907782
8.23360729
1.70645189
5.70143747
7.80181122
5.74730492
6.91290283
5.15228367
1.90844047
3.93750739
3.42823243
6.08905745
3.60614133
5.65186214
-0.919753194
1.25321841
0.573692381
0.0480927937
1.31920314
0.0313856117
0.96236974
1.00858426
0.915429771
1.93717277
0.541710317
0.98119247
0.317838788
4.74919176
0.648862123
0.538933575
1.57282472
0.717861474
3.68997121
1.57826805
1.38916254
4.4494729
0.633914411
3.15706301
1.9019438
5.07591534
14.5010567
11.8180628
9.5076704
12.7609491
6.84539604
12.0759487
9.62249279
6.55114937
16.5896778
6.64638376
17.0138702
11.4848795
-1.03927934
17.7034912
5.04014587
3.37026262
4.74316311
21.3457928
16.2942047
0.71912986
1.06990683
7.68568516
32.0507584
9.31362724
11.632658
12.030117
-3.3864193
8.80185986
7.19711637
3.95077252
7.99258375
16.3004417
15.6558762
4.6252408
-2.84441137
3.09489918
-7.16221237
-7.06511784
-4.36571026
-8.17029858
-8.1523428
-12.9080439
-12.1117229
-6.80028629
-9.38069534
-14.065752
-11.6484203
-3.25262547
-6.8386941
-5.29937077
-3.04243159
-7.98054123
-14.5742168
-12.5194016
-16.2557449
-17.5164032
-2.74267292
-10.9207935
-13.0908041
-5.92527628
4.38903856
-10.4194193
-3.09264493
-17.3034687
-21.8223038
8.82882595
-12.5817804
-7.99923706
1.38672328
-11.6190662
4.00535297
-3.95256352
-11.0724707
1.29985881
-3.77585626
14.0762844
-3.15310311
13.3886023
37.9313812
40.8189507
29.6515751
27.0565434
17.4165192
19.735918
32.0546951
34.2536964
39.4387436
40.8830795
50.1770973
40.5913429
32.2567978
-13.1591434
-4.99060535
-15.7200508
-10.8754225
-43.3875542
-6.85195732
-53.9805183
-70.1927567
7.46544886
-41.1160431
-10.1922817
-25.2138176
-26.5770741
-16.7273998
-19.908638
-11.4599724
-9.39257145
-14.3652201
-0.840904891
-12.9761209
-20.7923622
-10.0268402
1.6160531
-17.5225601
-18.6352139
3.36685085
0.719534218
5.2219491
7.28963709
-0.021007441
2.84130001
6.45863152
4.03729486
1.76139808
4.51999664
-0.239181936
6.4264884
-0.996804476
4.4889183
-13.8660364
-16.9479542
-20.2488194
-18.6038818
-3.2649281
-8.08731842
-16.5468903
-16.3947639
-2.77623725
-1.93494964
-5.54748535
-13.4483099
-11.4871492
10.2399883
5.61912489
5.71391249
6.03470469
8.07261848
7.34833097
3.7766974
0.330502659
4.62451839
4.25203037
3.22789216
3.84108138
4.46320629
-0.462593079
3.0180645
5.56979036
5.16286135
3.61177111
1.18790269
4.14759541
4.09937191
-8.35122776
-1.39649296
-2.24848485
1.04203403
-0.0938332081
12.5733528
-0.394699752
1.81979907
3.43228769
-9.36804295
-14.6635933
-16.8003387
-7.66926432
-7.16337109
-13.398984
-13.7578478
-11.9532928
-7.90378618
4.41565466
-4.27472353
-3.08176017
-0.696829915
-3.18030691
2.29858279
-7.98931503
-11.0665922
0.906395495
4.82368517
1.68357515
-5.6825366
3.14877105
-28.1950092
-6.62722969
0.390160382
-7.38658047
-11.8382139
-13.1277514
-6.18150711
-16.2280807
-24.0474434
-10.1682081
-34.2137222
-24.9973316
-20.1885281
3.78909326
7.56746197
13.172308
12.5517502
7.25314999
7.48992348
9.24334812
7.79263401
6.85991764
9.15256119
8.1253891
-0.799364209
8.98832321
-18.8349361
-14.6928864
-13.3820152
-13.3027
-19.8591366
-17.4166756
-0.460076928
0.846594393
-16.6633072
-13.5610905
-9.54435349
-8.1385622
-3.4544282
1.67960989
-6.38648415
-8.20738792
-11.8283577
-15.3006563
-6.84707642
-15.7527514
-21.3798904
-4.43944693
-12.9262896
-8.16136837
-6.85120344
9.05666256
-5.05038166
-7.36107063
-5.50855112
-9.5900383
1.47319925
-8.77356625
-6.36752462
-5.8940177
-0.814525783
-6.30334282
-1.29349351
-6.21788359
-1.14575982
3.94809771
-1.43946218
2.31543493
2.10050106
5.56384373
1.89688146
0.120832592
3.54309535
4.87468767
14.7951174
8.51580906
10.7836533
1.37650967
-4.93504667
-0.53523916
-1.54850531
-2.77289009
2.96453643
1.13723731
-1.92215466
-3.07876945
5.11676121
-2.19375515
1.14934289
-9.11734104
-13.6819649
6.26391649
6.68740892
8.22338486
3.63393188
0.497437626
-4.88764381
-7.51839209
4.99281693
4.44133663
-12.2759943
-8.65387821
-7.77355433
-9.53399658
0.841369271
2.95333815
0.374646306
1.1130259
1.75167298
-5.4815836
-4.13531637
-3.27043414
-6.17229891
-4.3595252
-4.35657167
-7.81960011
-6.35519934
17.2300568
-33.3302765
-24.3070145
10.6291723
-64.0474167
5.84747839
-21.7552052
9.72115898
0.505669415
-9.68008518
35.3015556
-6.2570734
-8.24152279
3.31683302
3.7963779
6.84038544
6.89924479
6.61368418
7.30909634
7.00377989
6.42108727
4.39696789
5.16039658
5.66355658
3.13873196
3.11778784
7.6186657
4.69097042
4.45146465
9.32531071
3.62186885
4.26128912
3.94601393
0.635866642
-6.44522381
-9.80507374
-4.34899664
-5.30257702
2.57407022
-7.85258245
0.607031405
6.76100779
3.35356259
3.33882761
1.40330744
5.15267372
12.2544603
-1.14372504
9.86590672
-3.4613409
2.94491267
0.431165457
-3.20065975
-4.11051559
-4.32568741
-5.10901117
-4.09535027
-3.48882556
-0.116537936
-2.77188444
-7.41087961
4.70123386
-4.47566223
7.40916586
-4.14281702
9.40068436
-2.52151966
-1.88533974
2.38771486
10.3346319
3.45430136
-18.3792191
-10.0732679
-0.969182372
-2.6909461
-11.8787003
-11.6792383
-9.67484474
-1.0886445
1.5229733
0.952317178
-0.519946098
1.02246761
-0.140574366
0.964992821
0.760816514
-0.344574898
0.937641501
-1.18124378
0.82927227
0.982541203
10.4492512
7.95676422
7.69210196
8.89433765
9.43541718
10.3753252
7.179317
9.06426907
12.5682106
6.91982412
13.5702343
5.41108942
-2.63587141
-20.6162434
-17.1347713
-29.4261875
-25.0710602
-21.8544846
-32.2390289
-36.8265915
-34.0498619
-13.2695856
-15.2874212
-18.7039909
-15.9523125
-40.078167
-20.7779732
-12.0274267
-17.7605953
-19.7665653
2.85960269
17.1615028
14.0614376
0.760998368
9.4869976
10.7442055
19.7310772
5.91023588
3.27115154
-5.70910168
-6.20108461
-6.29668999
-7.10163116
-8.97013664
-9.77430534
-8.78402996
-7.21949339
-8.66834831
-4.81087828
-6.61207771
-5.23224115
-8.80603409
-27.2564545
-1.51033485
-2.87294412
-13.4801426
-10.5357656
-21.0431976
-9.81022453
-21.0645294
-31.7226067
-4.43248844
-25.8972549
-10.3355913
-18.5087891
10.9344168
15.1617823
17.9101219
19.0320663
8.32113361
15.7748098
8.7545166
8.13075829
2.49304485
12.4336319
1.35602546
-9.71159649
-0.233169556
-6.9273777
-9.99225903
-9.84972858
-6.70021391
-5.7537117
-3.34077477
-3.08121896
-1.09956789
-5.3463726
-1.65387964
-1.95757699
-1.18313873
4.40119219
20.8531284
15.5857449
10.4806204
14.6166124
5.41400576
7.98999119
-1.04093301
-1.75818336
-2.92398167
1.70900917
-12.9684534
-31.2986126
-36.0857506
8.41963291
-8.59912205
-5.61185694
3.3247273
-2.19232488
-0.500303924
-5.80845833
-5.52422333
-9.87020397
-5.1844964
-12.4518929
-6.79708576
-9.45723248
1.73377049
4.43509388
0.917580187
1.78224528
2.2497108
-2.33406568
0.103713229
4.35037804
-2.55267191
-5.32211065
-2.26398826
3.44089675
3.17727423
-5.36871719
-18.2577171
-19.3982906
-18.6335716
-7.6329217
-19.6309299
-14.2208652
-12.8892717
-8.72094536
-12.7610836
-4.50863028
-17.5487576
-5.377244
-3.34624219
5.37988997
3.05277371
7.6213336
16.0280666
29.0087547
32.9857826
19.4649048
13.2361012
26.9593792
25.600565
26.1237831
23.6152134
-17.198513
-10.0323267
-14.1839924
-17.3212395
-0.0656258166
-9.85740948
-13.1838932
-8.66517353
-2.17955637
-1.81207716
-10.5639334
-10.7550859
-18.4445972
2.81753945
1.31309175
2.21598625
1.9776808
4.96725321
3.50734138
6.44816637
11.3937111
15.1492968
9.85931015
14.8870993
4.20139551
6.39621305
-0.109135002
1.87942052
1.62028527
0.157595247
-2.97919488
-2.58081126
-3.6792984
-5.63637066
5.91350555
-6.76676702
-1.6024704
-5.15989542
0.162806273
14.4313307
18.4723644
15.0010662
8.88593483
14.1312952
3.32639074
-1.69017267
5.81257057
9.93519115
3.22067952
4.14480305
9.76401901
-0.412876964
-1.26079547
6.3250165
7.83490086
3.76331115
9.39552784
12.9050884
9.46760559
7.91589451
12.6949196
0.840171814
5.06764078
-6.13802481
0.837795138
-2.08645988
0.489434898
1.35707247
0.553400457
2.097826
1.03128147
-1.28187263
-2.59620142
-1.67936623
-1.93873394
1.10462499
-5.23014355
-3.12002969
9.28500366
7.14100838
9.17760944
9.39221668
2.81592798
6.41898489
7.21248913
5.98992491
5.93324375
3.97095633
7.46135616
6.78180408
9.23852062
-3.63519025
-1.55272031
1.31044734
-0.549225748
-2.64323711
1.24224353
0.48458752
-5.65367079
-2.79770017
0.627946615
-4.25567627
2.30081129
0.248620719
8.91581631
-3.90701127
-6.82741976
-3.30410242
0.195998356
-1.65716612
-6.71218014
-4.02498865
1.91178513
-8.075243
5.00794458
-2.5127368
4.88768244
7.95363092
11.7453308
14.5040588
12.7067385
3.24257398
4.98266792
5.12329006
10.4656744
12.6368122
12.045167
-0.866176248
11.4907255
13.2278624
-3.7738626
1.61881316
1.46448267
1.61981928
-6.8359561
-8.01617908
-9.23359394
-12.9276848
-6.15498161
-10.715023
-6.25153685
-15.6789465
2.59620523
2.30380464
3.24753189
4.10262585
4.54806995
-1.10376251
7.27893448
1.91534412
-0.241004825
1.25075269
-2.00735331
-0.0381855965
-0.252288878
4.06540108
7.45232582
-0.489990234
-0.56176722
2.2459116
-15.1047087
-10.3494043
-9.55834961
-3.73319411
-12.0079527
6.59263086
-7.33342981
2.35083652
10.0058632
7.17953157
1.25844812
0.447281182
5.37574053
1.81014848
9.45380402
4.94696808
4.70299768
3.84429169
-5.36658382
9.53794289
-2.85589099
-5.34884357
-0.882861495
-5.9663043
-4.30208206
-0.917412281
-4.86432171
-5.59293747
-3.12256861
1.52586472
1.5583626
-2.54659796
0.565635085
2.42199636
-7.31195927
0.63641566
-13.7756777
-16.0953484
-12.9498444
-11.8255348
-19.583313
-32.6616211
-29.7422695
-1.90147543
-6.26044798
-22.4443741
-30.5488758
-27.7324181
4.23042727
0.180514991
0.608616889
7.78929806
3.77023172
11.0542154
13.3356123
10.0485849
-0.744088292
11.3113823
5.47837114
10.575242
-3.9619689
-0.938419759
0.21061042
0.238556281
-0.257193685
0.919963062
-1.19366717
0.8407529
0.437457412
-1.33756852
-0.449213803
-1.68264592
-0.609928131
1.41603446
-33.0288506
-8.9591217
-6.74142838
-11.2359085
1.5103519
-3.63454676
-2.96329975
-4.49993658
8.68994427
-15.3192406
-13.1892757
-42.7602501
-76.7322235
-0.106831908
-4.50973749
-3.6633513
-0.906920791
-7.95675421
-0.112941474
3.19780421
0.882922292
1.46491265
-0.855406106
6.98501635
1.17791057
5.99523497
0.264420033
-4.83951187
-9.77518272
-7.62454224
-9.40807533
-4.83255577
-3.12901902
1.11367333
12.5323429
0.951080024
2.17867732
14.0081043
3.64941692
-17.8393173
-12.9340591
-10.3331995
-16.860239
-16.1583862
-14.6098728
-19.2956295
-19.5169029
1.64437175
-1.9765296
-3.53957224
-7.83101892
-9.0198307
5.96043825
2.97256494
5.69758511
5.61980677
10.5739422
4.3798275
0.282380402
3.16081381
9.41129208
4.14122915
2.57388234
8.0335207
2.01701021
11.3359165
8.68080139
7.93868589
8.61556435
14.5563078
11.3612509
-4.34300232
-1.84857988
13.4053259
8.20360661
3.60801601
-2.37900519
-4.98227596
7.25254917
5.48632765
0.900085092
-1.99528909
2.71665025
-3.38995504
-1.72920859
-2.54074931
4.36043596
-0.263836652
3.21112251
4.32333374
3.94534492
-6.57076168
-1.05307937
-4.88727665
1.84734321
21.5263309
3.52849102
-7.91214228
-1.25209856
4.54169083
-31.4991169
-14.6890669
20.0020428
2.20003986
-26.1890049
-11.6419497
-14.5982561
-16.6677742
4.34446096
15.4664755
17.7318344
4.06800032
9.00893211
12.8838978
18.2267666
8.27389145
7.1082902
-1.14548528
-0.92299974
-3.18229151
-1.06441402
-5.88290119
-3.20988154
-10.247736
-11.3577108
-15.1061363
-11.2569685
-9.35734367
-0.929727077
-5.69338655
7.13202238
3.99614811
4.75228596
6.96054935
3.63025165
7.01866674
6.41979837
7.57145929
-0.205076963
1.0713799
7.10531378
-4.78860569
-12.6429462
-0.231100559
-5.21461105
-4.87297344
-13.2608223
5.12990236
-0.692523837
-24.7954178
-6.62671947
-0.349558443
-1.17717552
-12.7594891
4.83974457
22.8142357
99.8581085
40.3675079
27.2143345
52.8392105
11.9475946
76.6071854
29.5200539
-7.87280607
6.50291014
-3.88955426
47.9224358
58.2191925
76.9607086
5.74185133
7.6433959
4.33287048
2.87278581
3.23047781
4.10315657
5.45092487
1.11723268
-4.40663719
-0.195770413
2.06557369
0.0476211011
8.80563354
20.6333199
-15.6810989
-5.17579222
19.087265
-2.0738368
-19.091362
-24.9099312
0.232874274
-5.44897461
4.16765404
-3.64461279
2.79145885
20.2209892
9.80776787
3.73233843
-0.397876412
2.80657434
8.56020546
-0.55797416
1.49973834
7.72162247
16.0730324
8.59676456
10.1441088
8.08716297
4.96050453
-52.7966614
-19.5797234
-16.380827
-12.7880373
-19.2657967
4.0776329
-15.8975267
-13.7583513
31.119751
-6.35450792
-12.3099985
-24.2975311
-22.6573906
0.0857211053
-2.11358047
-4.19451189
-4.26820421
-4.61602068
-4.85864162
-10.3145943
-10.4782152
-9.12275791
-8.02025414
-3.63526249
-4.01123333
-2.08900261
9.30030727
4.21044588
2.60096836
2.38895655
12.076005
8.29747391
-0.333572328
1.43366885
8.69604492
3.87282825
6.27647781
3.61686611
5.03352451
1.0771457
-4.25323009
0.923043489
5.31650066
-10.784956
0.0474971011
5.77623844
4.0965414
-3.36137915
2.62542701
1.28660715
4.46284199
4.56495333
18.2911587
11.7497177
4.16260147
-0.693356514
-3.38179779
-5.10680437
2.71634102
3.10305357
1.1100682
17.9590092
24.5438004
18.9355316
15.0570831
5.25223589
2.2779398
0.642027438
0.2145015
1.44689882
-2.08753538
-4.34594727
-4.01411438
-3.8994081
-6.00281382
-5.03689957
4.50776434
1.17969441
-13.4349871
-1.46862411
-13.0326204
-28.4383526
1.00680876
-1.30132651
6.13597393
-25.9435329
-15.6032305
9.75884438
-9.58448124
-4.85951328
-3.50549722
21.3764744
18.7227058
21.9368668
26.739399
27.3764095
32.5931015
18.6996193
19.2878685
23.9787407
3.46678257
8.52820778
23.9861984
-0.136662096
-2.00515151
-2.16286993
-6.52223301
-6.49040318
-2.12693405
-2.85615706
-9.57771206
-13.9182272
6.75586987
10.0940685
3.46692467
1.95136142
2.68073463
-31.6578178
-51.3588676
-68.4193954
-71.4982071
-72.4538269
-77.5020447
-73.3305664
-74.7872086
-63.5019646
-33.1163216
-50.7622986
-20.2771873
6.87934685
-23.8828354
-21.8029804
-20.2498589
-7.8869381
-38.9766655
-11.4545927
-22.3957272
-21.7194138
-14.8571787
-14.0327663
-17.0921574
-21.7792187
-28.3453789
-9.30653858
-6.29416656
-10.2645969
-11.2525949
-9.38353539
-10.1500874
-10.9873285
-8.78211498
-3.4380846
-1.49421048
-8.2108469
-2.09465408
-1.16530406
-2.09978843
-4.06417131
-3.5733037
-4.07177734
0.465455532
-0.395560175
0.328082502
-0.904156089
-2.17079186
0.418542385
-1.24401438
-6.81892824
-4.57796478
20.4267807
17.417326
20.1263103
20.4767742
13.3021832
21.2675018
23.0638103
6.57812786
-2.90692759
6.61694145
6.51214266
5.04494858
24.0323143
-3.77153993
-3.1493125
0.0959431902
-0.445938677
-3.86879039
-4.49910212
-2.4464674
-0.69844681
6.76453447
3.13070679
8.34503651
4.42688847
2.07976413
1.28483212
-2.16590571
-0.18024762
2.75050426
-3.27566719
1.47088039
5.9002142
5.79485321
-0.113609329
-3.19579935
5.4971962
2.52464676
3.48204303
16.6157532
15.7863617
15.6344757
20.5633297
13.7614613
23.6400089
20.6001549
16.755331
15.2704687
19.2056465
15.4524021
11.9423542
10.5214691
-15.2676554
2.65838242
3.625664
-4.74686813
3.9373467
-8.00977898
9.62772083
16.0129299
-4.96108818
1.67611253
-12.6446066
1.45148802
-5.79478168
3.67903495
-1.05330181
1.83480453
7.65175056
5.20232487
9.61509323
17.2005539
19.1435413
1.14899909
-3.45828676
1.4880228
2.83038092
-3.86107206
7.03474188
4.76206112
6.87850189
8.75726032
11.5855579
7.5626955
-1.46514893
1.22678649
6.62587595
0.573205471
6.34041739
-0.136017621
-4.78379869
-22.7597561
-65.7736053
-33.6576004
-16.0598545
-47.9802704
-1.61126971
-70.1742935
-71.0681
-10.508708
-42.4248543
-8.87987232
-77.559288
-58.3971901
5.20332575
-10.0812588
-10.991396
-8.25266743
2.68851972
-3.1116159
-9.04697514
-7.52014828
10.761755
4.35253477
6.06207037
-2.99778175
-6.41283274
-6.61523485
-3.68156862
-4.74497175
-6.26984262
-4.41658354
-6.58695316
-5.4417634
-5.53121471
-6.33505392
-6.42477751
-3.8365562
-2.96288085
-2.72569466
1.90890229
0.998137057
3.84517097
1.94600415
6.47791195
2.9900918
3.55694842
0.633556545
0.795151711
-3.87462592
1.51878226
-2.05763102
-0.226741388
-5.19978189
1.85690963
-5.67204428
-9.04437733
-2.84919548
-6.41341257
-8.07907677
-8.52821636
-0.516743183
-6.44366455
-5.34374475
-2.51244497
-3.23035264
1.91869271
3.41423416
-0.649239719
-2.64122581
8.17695713
3.03901434
-4.37874317
-3.20755649
5.40835142
7.9385829
3.95875788
-2.97881746
0.019715786
7.10083485
1.58118939
4.38992786
8.07203484
3.97959614
4.83198309
-0.560793281
-5.97811127
5.93905115
3.97944903
10.2878275
-1.41637826
7.56694126
5.25969076
-5.77201509
-6.56596851
-5.5643754
-4.11743355
-7.55233192
-3.00317812
-1.3359524
-5.96101952
-1.1496278
-3.0943718
5.48021555
0.265334606
5.62722921
6.74752522
5.88408899
6.08054733
1.91257095
1.06091976
-2.00430512
4.28031778
10.9000187
0.325108707
3.37685871
5.82504034
4.78021669
-1.90614355
15.0887661
18.4676208
10.1197615
8.05929947
1.80127537
7.98224115
10.1564941
0.219580293
9.99444008
-6.38464212
5.1846714
4.79603195
-2.80850077
-1.37362564
-1.17853034
-1.93287635
-2.23909521
-2.11522508
0.303667367
-0.373025984
-2.37160158
-1.26401436
-1.30864704
-0.935929537
0.131931633
-9.53697205
7.85931063
-2.21743488
-0.890786052
-5.95868969
-5.52537632
-9.36399555
-9.07592678
6.77683878
-6.8030653
-8.24475098
2.00461912
0.636998415
8.61163425
-4.30540752
-1.23517549
5.3869257
8.5135746
17.803606
-7.9783783
-14.3666277
10.724905
-3.53015184
15.3625917
-3.23360348
2.34467816
1.34072053
-0.947077513
1.59155452
1.26488733
0.688681543
-0.974259973
-0.165128559
-2.05225563
0.187229693
-2.72334003
-0.219755039
0.127703428
-2.53275609
6.24776316
3.28035903
3.43358231
0.150024325
15.4754429
6.58642197
-8.3297739
-5.7850976
6.73502493
-0.562440276
4.87671185
-11.8260279
-3.79588723
-9.25693607
9.23330784
-3.20862508
-10.2999296
-8.47303772
-14.4205484
-6.79843903
-3.93338013
-7.49088144
-11.7607994
-6.55477285
-3.13106942
-17.0452175
2.70826769
0.160107553
2.39229822
4.17664528
2.81889033
-1.33575821
3.50117922
7.74883747
2.16763091
6.46671057
8.35168362
5.30014515
8.69893646
-53.2934799
-43.4062767
-58.6817436
-56.6740875
-65.5201187
-62.5768013
-58.1245041
-61.879734
-58.5555801
-43.9740143
-65.9210205
-52.4964867
-44.0267372
18.4799252
11.3487024
10.3401966
15.6465654
16.27915
7.13374567
7.29246902
16.0183678
5.26934195
0.576541007
15.6914883
16.6813774
19.1143341
53.2447853
-36.8001938
-34.2126656
-2.10419178
-2.37258577
-20.6329746
-62.4181404
-53.6261673
-21.8467827
4.80572939
6.39161253
-80.1883469
-67.2103424
9.67376423
5.87073851
6.30308104
7.28933239
6.22702837
7.9803853
3.45064092
0.28515169
4.29188204
5.7203393
5.01789808
3.3769269
5.21679258
6.86976957
-3.10950136
-14.7507906
-11.8609514
-18.3056335
-10.9979687
-20.9321518
-7.56708241
2.8125422
-16.1771088
-4.41289759
15.5402718
3.48994589
-2.74619985
-4.59349108
-6.95558739
-7.36125565
-12.1675634
-7.30452204
-3.2413497
-4.19959974
-12.4288702
0.822684348
-7.81189489
1.33104014
-0.801515102
13.5236292
5.6002183
8.84594727
9.66400909
12.3375044
10.3748913
7.38413954
10.1130724
13.5015841
9.0618124
16.5249271
5.40745497
7.97819853
-4.09293127
-7.30667925
-9.68710232
-10.2417278
-5.92363882
-4.58112097
-19.5445957
-11.5112791
-3.03794861
-17.5764294
-11.5192518
-14.7585764
-10.5017271
1.6158005
-3.81680799
-2.0269053
-0.460726142
5.48711443
6.34138918
-4.70926619
-3.94859838
7.95468235
7.20531034
3.0356853
1.93242061
2.29260945
-0.586942971
-0.816854477
-1.52778792
-0.448568434
2.70686769
-0.403683364
-1.37057459
-1.32620823
1.69053018
-1.59647703
0.675845861
-4.18192768
-8.41264534
-21.6499405
-9.13823128
-9.78997612
-9.78569603
-12.6782475
-13.0002213
-11.0566463
-10.3673086
-15.5171928
-8.8170042
-23.1221275
-16.2300434
-18.9247875
6.93906736
15.8814564
17.5199795
19.3020287
10.2974119
22.9206715
13.912221
17.4453125
8.4485178
7.09518337
6.28035831
10.7943583
4.29007053
16.6816597
4.29831743
3.51790428
5.37740374
-2.76365805
-11.9187279
-14.298152
-2.4503603
-6.12969923
-16.568573
-12.4613733
-5.69325161
-3.36239195
3.114784
0.220018566
-0.498624414
2.25375605
1.23695397
-0.462301493
2.95089245
5.35729551
-8.16363621
-11.1659822
-2.79632092
-3.71563077
-1.15931678
-46.7455215
-60.026577
-52.9214592
-71.4386826
-46.73349
-1.0283469
-23.7726116
-64.8965378
-23.2865677
-24.3694801
-3.38106251
-49.8478584
-2.58489966
14.3371649
7.59405947
1.06926489
7.42215538
-5.81410027
2.50619698
-6.03109789
-3.93892169
-6.20887327
-11.4696064
-5.63543892
-0.589759946
-4.48346949
-4.39590597
8.95619011
7.67462921
-1.36665583
8.26362133
13.9443359
23.3934269
1.60737896
1.63245559
15.2915888
-8.12283516
3.50353098
5.27814674
2.15751672
-3.76295376
-3.60422635
-5.07613087
-8.34682655
-12.5581703
-12.2637215
-7.89369822
-4.15565348
-8.03096867
-10.3782797
-6.98592567
-7.38426304
0.0765494034
-0.0688562542
-0.0343332402
0.0926904827
-1.01630127
-0.229435652
-0.118696846
0.374467075
-0.165494859
-0.24885577
0.680277646
0.571960628
-0.248595074
-6.57528877
-8.33904171
-5.42398453
-8.15047455
-8.85199738
-2.34840322
-19.7950897
-15.8168354
7.36608791
-9.40065575
-8.11330318
-8.51783276
-4.06155348
7.507936
-15.6262617
-2.74842644
0.275327682
-7.95169067
1.78150189
-6.48495007
1.06424201
22.2629948
1.97474205
27.2173309
-11.7730904
-0.851477146
-37.8374023
-10.9230509
-17.5867558
-31.5874691
-36.3256187
-45.1104851
-51.0935097
-22.5444851
-30.9300995
-17.7074432
-50.2542229
-34.5857544
-43.422226
-13.2988386
-8.76202011
-7.16669893
-13.4717093
-9.12959862
-12.2940331
-4.60658455
-3.70568132
-1.07423627
6.77870512
-1.192029
-1.75140309
-8.73945045
7.36603928
-1.66218996
-6.06285524
-5.03794193
0.336683452
-1.49191594
-8.75203896
-5.82186651
16.9043331
-1.23351717
9.21957111
-3.48200059
4.93878984
-26.8482151
-28.028244
-28.694025
-30.8884697
-24.426878
-32.7757301
-27.2432728
-26.1998158
-31.150404
-18.9998493
-25.4675179
-16.6808834
-30.2959538
-8.69105721
5.15593386
3.13042498
-7.18631506
2.17217207
4.62912464
-0.732301891
-8.98461723
-4.82670832
-3.77824545
-16.3440647
-11.6107121
-13.2010136
-27.8336468
-52.2039871
-56.2573128
-48.665081
6.22560835
17.5760765
-27.3146381
-26.0187969
61.276268
-2.72471762
33.6262093
35.8645782
-5.23521042
5.6170125
6.47759771
2.54485559
3.72752309
0.65110898
-0.733544707
-4.08579779
-1.34012926
1.06609106
1.01640701
3.55416942
-5.14981413
0.583950043
-13.1778393
-19.2765331
-18.3993969
-21.0926552
-21.4940357
-19.9111042
-15.7168407
-16.5941448
-24.5466385
-10.842906
-18.2033443
-11.2134695
6.27636385
1.11642134
0.209938258
-0.112883121
0.76385051
-2.11710787
0.499008656
2.55895305
0.884150982
1.40054786
-1.05611265
2.32283068
-0.260505319
4.70575714
40.9579353
8.10828781
-5.81516457
3.7972281
20.1024628
22.0104179
10.3806324
-6.86768532
-5.36539984
-16.549675
-4.65671349
-18.0635777
-15.7483377
-15.668829
33.3006134
35.7198334
31.7621632
31.9159088
32.5901794
38.0461349
-20.1879711
-16.1643162
-22.4528236
-11.6775904
-15.2443361
18.1002483
0.578811705
2.11591768
2.87013531
2.96210241
-4.90695333
-8.84797668
-6.43812943
-2.3436842
-3.08641291
-5.72751713
-8.34242344
-5.14092684
-3.2558794
0.295036286
-7.98092842
-11.1968689
-10.3389244
-5.36803675
-1.90066791
-6.62149048
-6.09484816
-6.18095636
-8.89388084
-2.70893431
4.10331917
3.89360785
-6.86469507
-10.9217701
-13.2763948
-11.9413719
-14.5818815
-14.1086607
-13.2684374
-12.6593952
-10.0320415
-10.8935261
-10.8022051
-6.03973579
-10.079648
9.46675396
-16.0830975
-11.9980879
4.86674118
-22.3012886
8.23118591
-19.5194321
-17.6851025
3.19969392
-9.74488544
6.33057117
-13.5136604
-6.9170208
-13.0308561
-9.74412537
-6.81991339
-11.8960533
-7.08704329
-13.6839008
-10.7648945
-3.01410961
4.06198788
-7.57304811
-6.19479847
4.19059753
-13.378993
1.26813471
1.56733608
2.15257645
2.23277545
0.578556836
-1.58670413
-1.49797392
-1.23885071
0.878168821
-0.650593221
-1.10929787
-1.76388645
0.837985039
10.5429535
8.81908035
11.5693293
14.0406904
9.05125237
5.02158356
-3.08863807
7.53743315
6.68154287
-15.0593033
7.82887173
-8.80271244
-13.2836781
5.44710112
-23.9015446
-24.6365757
-12.4668798
-20.6327953
-18.3815689
-17.8420906
-34.1596069
11.7652159
-22.306242
28.3609886
-26.0291443
-17.6543789
-12.4254398
-7.17632341
-4.57793427
-2.20932436
-17.3958321
-14.8247538
3.11052632
-0.00334284455
-14.4078503
-13.5636902
-15.0426912
9.25989246
-0.165808633
5.15007925
2.34626484
3.25213408
4.87000513
0.697286129
4.44835329
3.0562098
3.86285949
1.3502636
-0.146057159
4.55627728
5.23040867
7.66020489
-3.01770163
2.45732188
8.91353035
9.02105522
4.85641861
1.76353812
8.41403961
8.21103001
-17.0737209
-3.48886132
-7.10570621
1.54813921
-2.06495953
-2.34079981
-0.179386407
-2.59854984
-6.67692614
-2.46169376
1.34535778
1.88676524
-2.87623644
-2.84437132
-3.50160241
-6.06435966
-5.92173243
-7.03427172
-50.5215912
-54.292881
-50.3808899
-65.2990036
-19.4680843
-72.9039078
-80.8039169
-40.923214
-18.2529335
-5.67961979
-29.3805408
-17.3719368
-39.004879
4.6029911
5.88908815
7.08796406
9.6701231
2.76897478
6.41829395
5.75359249
2.19067144
0.634845197
4.26183033
0.62090826
3.70129442
7.49446392
2.06987739
-2.838835
-2.49513912
-0.324410349
-7.23420286
-3.6223824
-3.47309184
-1.26616621
-3.79584908
-1.52164996
-2.73263597
-0.889379442
-2.25654483
-0.746708035
-2.3359468
-1.84352887
-1.83566129
-2.31876826
-1.9602052
0.417713583
0.736979067
-0.418504387
-1.74824381
2.6517272
0.8946082
1.46890485
4.21504736
-3.41870499
-7.40303802
-8.49000168
-1.38798594
-4.62793589
-2.308635
-0.177230209
4.33707714
2.06650853
-0.928797185
13.2247438
14.8173742
12.2838078
11.0151443
9.95216942
10.8012743
12.8220272
7.14460468
8.15879631
5.7800355
11.2056646
8.73451233
8.21271133
18.1406975
8.19715309
-1.83257341
0.993256867
-0.229949892
-2.67710972
-2.78956485
-5.29527092
-5.37358189
-9.94433498
-5.64870453
-1.43002236
1.10709441
2.98205686
1.6494776
1.39163232
11.0864534
13.2214823
17.2993183
12.9014807
14.3717833
11.1565542
14.62922
8.95893478
22.45895
4.52250719
28.2772751
9.6756506
-11.2212248
-14.0753613
-13.7723665
-18.0090199
-6.34319735
3.35053968
-24.0186672
-9.40199757
2.74245191
-15.8570528
1.06179655
-11.2211771
-25.2162571
-8.00334072
-2.48845768
-0.649069667
-0.974092126
-9.69803619
-10.7380114
1.36058855
5.28889799
-7.42425251
-5.1440568
-10.6821251
-1.67798543
-4.32501554
-6.7996769
-0.015653193
-8.23591518
-9.75486469
-5.50374317
3.11364937
0.901726484
-11.0711727
-2.81498528
-0.430563033
-3.06118941
-9.73942471
-4.8651967
0.90456301
-3.34201431
-4.15989828
-2.98784471
-1.43736148
-4.42584848
-0.190116391
0.725418925
-3.49141073
-1.44069278
-2.76850772
-1.20918751
-4.88685799
-0.858839393
5.85762119
10.8424664
6.74673653
6.54132843
14.7439384
10.1636658
1.75717533
6.58564186
4.33497524
4.00131273
-3.21990418
3.46231794
-0.272536188
0.730858505
0.277184516
-1.04640198
-4.63431406
-4.42498827
-4.39637947
-6.5011363
-6.65936184
-7.91190052
-5.06937122
-5.27078438
0.0858541355
6.31514502
-1.86644006
1.81033707
10.2159281
-11.137249
3.40545225
7.87381887
-0.231746614
-10.2014084
-11.3712692
1.41597462
9.61267471
9.95617771
3.60356355
4.32601833
6.09549522
4.57452631
7.32194185
6.05841875
4.85437918
3.1025598
4.93132257
5.48618221
2.39608073
5.49480772
1.89727378
-13.1156006
-13.5652933
-17.6854935
-14.9760532
-6.84672308
-14.1334867
-8.19841957
-9.14921474
-12.3287735
3.85207415
-3.85749412
-10.9208384
-7.05366373
7.09134626
15.4875326
15.5960369
9.97653294
13.8936129
7.0762763
15.6571045
11.3021631
-0.624151349
2.50114942
1.27808166
-0.807519019
8.81734276
5.82648611
0.385677099
1.16616559
4.44378757
-1.12720966
1.87566018
0.330904722
0.393087596
-0.92173028
0.760008812
2.46848273
2.85514927
3.61187124
-5.56077814
-2.5072968
0.0565969422
-0.507135987
-2.08490181
-0.157811254
1.97478604
1.88624585
-3.07717586
-0.0536812097
-3.46841073
-0.90794313
0.492164552
3.04438758
1.22020364
-1.98278081
5.38403034
8.25530815
0.776018143
1.48622644
0.551526308
4.91563511
-8.30044079
6.9189167
-19.1555538
-21.1741581
19.986496
-31.9769249
-45.8451958
-1.09852207
-34.0670128
32.102581
-36.3297882
-43.1855965
46.9402809
-31.8201408
40.0942421
-20.7281227
-22.0746746
5.59130096
3.4264946
1.13227332
1.28632414
2.50750947
-1.994138
-3.01393032
0.209160447
1.69499969
3.43862987
2.01841855
-0.35370779
1.05780482
-1.09054267
5.84047318
8.47961426
7.8953805
-4.1266427
-5.97828007
3.05279946
3.39895558
-9.10754299
2.03210664
-6.71478224
0.00884024799
-1.71869123
-21.8758583
16.6165218
-4.15012217
-19.2791328
4.78781176
-38.3766327
-55.7560272
-39.5918655
-15.1808949
-30.8826561
-28.1947575
-66.8084641
-50.5570908
2.41477728
5.43692732
4.10574245
1.87228966
8.36609268
5.10789824
9.71053505
6.63197136
-1.08031058
3.84186625
1.15391445
0.985566795
7.49862671
4.35790873
4.69551134
6.23825979
5.30032253
6.38831472
8.25036526
7.60755539
6.4072628
1.10090172
-0.10842558
3.13949156
-0.70499903
-1.94788265
8.70285511
0.794107139
0.758344054
4.57223749
2.44042802
3.50996947
-1.48845184
4.34881544
1.17159069
0.238294527
7.19382
4.72077608
1.10273838
13.1912966
11.1118212
11.1937752
13.2492743
2.08766031
8.24478245
15.3592491
11.8713799
0.255895913
-2.4948554
7.07471085
7.585742
7.00749111
-1.06643724
0.571857691
-7.67231131
-9.0281744
-4.33080244
-3.97425818
-2.53704715
-3.39082932
1.58229625
1.20343363
-0.46720165
-0.531379938
-0.088378191
-21.933733
-7.79894161
-3.28572989
-3.75840306
-10.1966219
-16.2193012
-12.6569157
-3.97900224
-8.16271973
-4.72517776
-17.2888489
-14.7578325
-24.5813122
-7.46229029
-9.89962101
-13.7593746
-13.9484186
-15.2476311
-13.9837236
-10.4172277
-14.7377605
-8.98957157
-7.78221893
-1.33303201
-13.3371115
-3.28457355
9.78900433
16.3929615
15.8381968
21.7980957
22.5922375
42.0261803
46.4195747
31.2637405
23.0409451
41.5758286
38.8619308
39.9287567
39.6984444
15.9784279
11.5857143
6.23753071
9.81880569
7.67702341
5.96018028
4.35401726
5.38982964
12.6247358
8.00566387
8.15681362
12.3616447
-0.722851098
-30.6363449
0.340166092
9.33615875
2.29255128
19.0672779
11.9898357
12.2900076
15.004076
22.8000584
-6.5415926
-2.74616838
-38.6474228
-74.411911
3.36407137
6.85385942
4.40250444
6.33503723
4.6713624
-0.620051742
4.52076006
5.62779856
8.80846024
16.4057751
5.81438971
8.06769562
10.3583479
-14.3873138
-18.4678154
-19.9596996
-20.489912
-10.7576675
-11.5255899
-10.4372435
-9.28503513
-7.09421921
-5.57081747
-12.8196383
-9.47745609
-13.5864172
-19.4737797
-20.7592926
-15.3021784
-12.7338514
-10.53549
-10.7993841
-16.9779968
-17.3679771
-18.4125156
-23.8212528
-26.9187183
-23.7259483
-19.6153393
-17.4656906
-17.5020981
-17.290369
-19.5419979
-8.19771957
-14.1496391
-20.8303909
-16.0235157
-0.806917667
3.19886398
-6.8040576
-8.45969296
-10.4891033
-11.2785273
-4.84408569
-7.41471672
-6.51730156
-28.5538502
-15.4787302
-5.69690609
-6.13374138
-19.8402023
-20.7673721
-7.96670961
-17.5265045
-7.84705496
-3.94624496
-10.2854252
-9.03596592
-7.28985405
-6.57244205
-10.4276114
-5.78381205
0.560353994
-5.83966303
-4.87497044
-4.20553207
-5.75141478
-3.79970741
6.84365892
0.155326277
0.620417893
4.98217916
-4.2452507
-1.07543445
-4.81169987
-4.13943529
-8.09800529
-4.55284452
-0.374508888
-3.52781653
-3.61874938
-4.66019964
4.53587675
11.465559
11.9983253
9.31215191
0.833316803
-11.8220177
-3.91271067
-0.610296249
-10.8809977
-7.57060432
2.59788084
-4.95486641
5.96701574
-4.10643768
-3.78675866
0.565660954
5.18531847
6.80655622
0.413117528
0.432031065
7.82427597
-4.31552029
6.38621569
-1.18417048
2.32685113
-0.858227849
3.58565903
1.88876581
1.78518832
-2.96178198
3.67061472
2.9329145
3.07094169
5.74873781
4.26645613
5.12807608
7.9175396
8.70559883
-15.6761503
-28.517231
-18.5852356
-15.2432289
-19.9381485
-10.4979076
-22.5614586
-22.7498112
-4.332057
-10.844347
-0.67894733
4.26308489
2.54901528
-2.12467742
-5.29728079
-5.30539083
2.86421537
-4.94151878
0.669481575
9.51960468
17.6340561
10.6094427
5.13875151
11.2988586
5.48517799
-10.7114658
8.89131069
-37.3710213
-43.2836266
-31.6542587
-21.5816498
-19.2769318
-30.7618275
-30.2422619
4.55619144
13.6264601
10.1106014
-15.3869123
-23.0780506
8.14844894
-2.66477323
2.94159341
9.553442
20.79035
7.22568369
12.3152065
19.2464066
2.54814482
8.91571903
14.1695318
9.14638329
6.04037189
-1.73084438
-8.39475155
-7.42059422
-4.59618711
-1.50893557
-1.75504887
-6.3250885
-8.69561863
4.60732746
2.78214955
0.417205215
2.67729902
-4.18562031
4.65822649
4.6811161
4.74083233
4.65807867
2.75661325
6.9290657
4.53213167
2.6962254
6.91093159
3.44557428
8.0703125
2.81722236
0.773609281
24.4137802
37.0213661
48.3110313
49.8467674
52.1518364
52.4584846
50.9709358
53.1334152
47.0026436
21.8187065
34.9348145
14.1918888
-8.3564167
1.25460231
5.85478306
8.66849709
7.76243401
8.82100105
6.5057106
3.69564509
0.0817127004
-3.55987406
1.36936986
-6.70227337
-7.88210917
-4.35610247
2.21182466
-3.13193226
-3.15271783
-1.76870835
-2.44154334
1.5504117
-1.48051345
-2.68418598
-1.09705758
-1.59951591
-3.32610846
-2.44498754
2.85971618
7.52939653
1.92329812
5.66597176
12.1864929
7.42994738
7.07533598
10.7926054
16.5315495
10.0526028
4.58118725
11.6714907
4.18224096
1.30865622
-5.27380276
-4.89367151
-2.07692552
-2.9002254
-10.6373081
-9.8025732
-13.7441692
-12.7739391
0.511347055
-6.53228331
-6.30754185
-10.0729542
-5.03493309
-0.679036736
5.11066818
12.0662804
8.93768978
1.64533472
11.1585894
8.70485497
4.27651405
3.32591105
-5.32685757
-0.733528078
-5.74594641
0.264073074
1.72407985
1.67940795
2.34138417
3.94032717
2.0187428
4.57051897
8.38210487
5.51498222
0.525686264
2.60666108
4.88982677
5.83222675
5.30467272
7.71560955
-21.4830132
-34.3250389
-28.7740383
-34.406086
-29.7216835
-35.109726
-40.1668816
-27.7653294
-9.37653065
-2.79227042
25.9818478
71.7639771
0.324506283
2.6921649
1.89379084
1.67817378
2.09268618
0.484825253
1.43265963
1.60397518
4.29810047
4.0778451
1.50663447
6.37333918
3.82143068
-32.4761429
-50.8722878
-68.4117279
-69.8987122
-71.1733322
-75.8672409
-70.4351196
-73.0613174
-60.6886101
-28.9234943
-49.2462692
-18.4562664
5.28211308
4.94217253
-1.61631572
0.397345394
0.333626568
3.46293092
6.78402805
-10.7792377
-16.3361816
15.8829546
22.2141323
9.70333099
-0.167002946
5.4962039
-2.52215672
-5.7309103
-6.7966013
-1.45968318
0.571705103
2.42529869
5.29863596
3.84475207
5.89137459
5.19936991
1.16946399
3.94152379
-2.78806353
-2.12797117
3.55385637
4.87070417
2.05513
2.01082611
9.22556686
9.38141632
7.61885881
-1.54320312
-2.12521386
3.49443936
-6.64281845
-2.87949657
5.10915184
2.21141171
6.62574959
10.1163034
4.74739647
8.65768051
8.64415264
2.44476557
2.27013159
5.48786688
4.39448357
2.00431681
2.82171893
