0
0
0
0
0
0
0
0
0
0
0
0
0
0
0
0
0
0
0.00256842491
0
0
0
0
0
0
0
0
0.0197783783
0.000725963386
0.0339519419
0.125641137
0.210392043
0.169068232
0.133541182
0.101965792
0.116553336
0.0736648068
0.109290227
0.180357799
0
0.0320777595
0.00335236499
0.0534472913
0.191687405
0.31946668
0.257162601
0.203598335
0.155992016
0.177985713
0.113322511
0.167035088
0.274183929
0
0
0
0
0
0
0
0
0
0
0
0
0
0
0
0
0
0
0
0
0
0
0
0
0
0
0
0
0
0
0.00614605751
0
0
0
0.00735856127
0
0
0
0
0
0
0
0
0
0
0.0147417756
0.00558808725
0
0
0
0
0
0
0
0
0
0
0
0
0
0
0
0
0
0
0
0.0526498295
0.0498981103
0
0
0
0.0226346795
0.0332853347
0
0.0777121261
0
0.0141865825
0
0.0277478918
0
0
0
0
0
0
0
0
0
0
0
0
0.0178683382
0
0
0
0
0
0
0
0
0
0
0
0
0
0
0
0
0
0
0
0
0
0
0
0
0
0
0
0
0
0
0
0
0
0
0
0
0
0
0
0
0
0
0
0
0
0
0
0
0
0
0
0
0
0
0
0
0
0
0
0
0
0
0
0
0
0
0
0
0
0
0
0
0
0
0
0
0
0
0
0
0
0
0
0
0
0
0
0
0
0
0.0611810237
0.00806908496
0.00999386981
0.0573229194
0.0364836268
0.027648462
0
0.0190624241
0.0240685344
0.0551766902
0.0231986064
0.0122418851
0.0389414318
0
0
0
0
0
0
0
0
0
0
0
0
0
0.0198823195
0
0
0
0
0
0
0
0.0317266732
0
0.0106137563
0.0114278831
0
0.0243454184
0
0
0
0
0
0
0
0.0371131077
0
0.0143543184
0.0152319111
0
0
0
0
0
0
0
0
0
0
0
0
0
0
0
0
0
0
0
0
0
0
0
0
0
0
0
0
0
0
0
0
0
0
0
0
0
0
0
0
0
0
0
0
0
0
0
0
0
0
0
0
0
0.017773496
0
0
0
0
0.0376482792
0
0
0
0
0
0
0
0
0.00651610876
0.0149579458
0.0085841883
0.0121069588
0
0.0221753493
0.0474653915
0.0179742537
0.0220777877
0.0159682408
0.0287373289
0.0218860693
0
0
0
0
0
0
0
0
0
0
0
0
0
0
0
0
0
0
0
0
0
0
0
0
0
0
0
0
0
0
0
0
0
0
0.00183061033
0
0
0
0
0
0
0
0
0
0
0
0
0
0
0
0
0
0.0711114481
0
0
0
0
0.0455779061
0
0
0.0250824559
0
0.0668291375
0
0
0.0983438045
0
0
0
0
0.065024443
0
0
0.0382794179
0
0.0927557126
0
0
0
0
0
0
0
0
0
0
0
0
0
0
0
0
0
0
0
0
0
0
0
0
0
0
0
0
0
0.00551510649
0
0.00435254956
0
0
0
0.00871656649
0
0
0
0
0
0.0202239193
0.000281201967
0.00967311207
0.00169080973
0.029157998
0.0356645882
0.00951414369
0
0.030531738
0.0611779839
0.0326250046
0.0106338384
0.0140735386
0
0
0
0
0
0
0
0
0
0
0
0
0
0
0
0
0
0
0
0
0
0
0
0
0
0
0
0
0
0
0
0
0
0
0
0
0
0
0
0
0
0
0
0
0
0
0
0
0
0
0
0
0
0
0
0
0
0
0
0
0
0
0
0
0
0.0783890411
0
0
0.0192237794
0
0.0489567854
0
0
0.0072815395
0
0.060373649
0
0.0289023239
0
0
0
0
0
0
0
0
0
0
0
0
0
0
0
0
0
0
0
0
0
0
0
0
0
0
0
0
0
0
0
0
0
0
0.0340296365
0.0398667343
0.00112032064
0.000374462048
0
0
0
0
0
0
0
0
0
0.0855583996
0.100146949
0.00330872345
0.00144461228
0
0
0
0
0
0
0
0
0
0
0
0
0
0
0
0
0
0
0
0
0
0
0
0
0
0
0.14324896
0
0
0.00974719785
0.0206873231
0
0
0
0.00770875392
0.0287197977
0
0
0
0
0
0
0.0171627402
0.0351482704
0
0
0
0.0138115454
0.048353631
0
0
0
0
0.295378655
0.637977004
1.12537682
1.28591788
1.36658251
1.33032513
0.926028311
1.00131273
0.809506714
0.247706175
0.373561233
0.0891085416
0
0.219752803
0.478245676
0.845992327
0.967121661
1.02798367
1.00062728
0.695582449
0.75238508
0.607666075
0.183783576
0.278742105
0.0641205385
0
0.0146362511
0
0
0
0
0.00422231993
0.00460036332
0.00611539697
0.00526334252
0.00283760531
0.00411623809
0
0
0
0
0
0
0
0
0
0
0
0
0
0
0
0
0
0
0
0
0
0
0
0
0
0
0
0
0
0
0
0
0
0
0
0
0
0
0
0
0
0.0225079712
0
0
0
0.0766650811
0.0813717768
0
0.0248457566
0.0896877497
0
0
0.0188310035
0
0.0287222713
0
0
0
0.0997917578
0.105968274
0
0.0317901112
0.116881184
0
0
0.0238970481
0
0.00179191923
0
0.00453182496
0.0117212739
0.00816306099
0.0101640131
0.00181065593
0
0.000289070449
0.0323726311
0.00623235898
0
0.0056108865
0
0
0
0
0
0
0
0
0
0
0
0
0
0
0
0
0
0
0
0
0
0
0
0
0
0
0.013111705
0
0
0
0
0
0
0
0
0
0.00712250592
0
0
0
0
0
0
0.0611301363
0
0.000333788834
0
0
0
0
0
0.0203145947
0
0
0
0
0
0
0
0
0
0
0
0
0
0
0
0
0
0
0
0
0
0
0
0
0
0
0
0
0
0
0
0
0
0
0
0
0
0
0.00793219358
0.0309710409
0.000680048426
0
0
0.0398478061
0.0546308644
0
0
0
0.0580191351
0.025244059
0.000388367596
0.000912922667
0
0
0.0096240053
0.0026359281
0
0
0.0331220888
0.0316058546
0.000794215186
0
0
0
0
0
0.0518409349
0.0642861128
0.0603529587
0.080743514
0.115643114
0.0846140385
0.0423624255
0
0.0469158627
0
0
0
0
0.0653383806
0.080722183
0.0758603141
0.101065606
0.144205898
0.105850056
0.0536217466
0
0.0592503697
0
0
0
0
0
0
0
0
0
0
0
0
0
0
0
0
0
0
0
0
0
0
0
0
0
0
0
0
0
0
0
0
0
0
0
0
0
0
0
0
0
0
0
0
0
0
0
0
0
0
0
0
0
0
0
0
0.0618844032
0.0492927469
0.0113222077
0.116368301
0
0.0226925015
0.0737576485
0.0304388013
0.0342799015
0
0.0413870066
0
0
0.103206828
0.0822831318
0.0191870518
0.193743348
0
0.0380812027
0.122936741
0.0509533174
0.0573361143
0
0.0691460744
0
0
0
0
0
0
0
0
0
0
0
0
0
0
0
0
0
0
0
0
0
0
0
0
0
0
0
0
0
0
0
0
0
0
0
0
0
0
0
0
0
0
0
0
0
0
0
0
0
0
0
0
0
0
0
0
0
0
0
0
0
0
0.00294031645
0
0
0
0
0
0
0
0
0.0027815206
0
0
0
0.00885093305
0
0
0
0.0137726087
0
0
0.0122390557
0
0
0
0.0060909437
0.0162532721
0.00496110599
0
0.0165782738
0
0.0158484355
0
0
0.0141658569
0
0
0
0.00742028607
0.0185701642
0.00618065335
0
0.018926749
0
0
0
0
0
0
0
0
0
0
0.00410060398
0
0
0
0
0
0
0
0
0
0
0
0
0.0299508069
0
0
0
0
0
0
0
0
0
0
0
0
0
0
0
0
0
0
0
0
0
0
0
0
0
0
0
0
0
0.010332562
0
0
0
0
0
0
0
0.0361091569
0
0.00864411984
0
0
0
0
0
0
0
0
0
0
0
0
0
0
0.0152866831
0
0
0
0
0.0365329422
0.108504765
0.090451777
0.0279887449
0.0167875849
0.100500278
0.0558552071
0.0542617105
0
0.0984459668
0.0414581113
0.109445192
0.108198904
0
0
0
0
0
0
0
0
0.0213495754
0
0
0
0
0
0
0
0
0
0
0
0
0
0
0
0
0
0
0.0257380195
0
0
0
0
0
0
0.0130204624
0
0
0
0
0
0
0
0
0
0
0
0
0
0
0
0
0
0
0
0
0
0
0
0
0
0
0
0
0
0
0
0
0
0
0
0
0
0.103208549
0
0
0
0
0
0
0
0
0
0
0
0
0
0
0
0
0
0
0
0
0.0359847285
0.0591000058
0
0
0
0
0
0
0
0
0
0
0
0
0
0
0
0
0
0
0
0
0
0
0
0
0
0
0
0
0
0
0
0.0174051151
0
0
0
0
0
0
0
0
0
0
0
0
0
0
0
0
0
0
0
0
0
0
0
0
0
0
0
0
0
0.0175011288
0
0
0
0
0.0175994951
0
0
0
0
0
0
0
0
0
0
0
0
0
0
0
0
0
0
0
0
0
0
0
0
0
0
0
0
0
0
0
0
0
0
0
0
0
0
0
0
0
0
0
0
0
0
0
0
0
0
0
0
0
0
0
0
0
0
0
0
0
0
0
0
0
0
0
0
0
0
0
0
0
0
0
0
0
0
0
0
0
0
0
0
0
0
0
0
0
0
0
0
0
0
0
0
0
0
0
0
0
0
0
0
0
0
0
0
0
0
0
0
0
0
0
0
0
0
0
0
0
0
0
0
0
0
0
0
0
0
0
0
0
0.0537778586
0.0363941379
0.0937924907
0.130927756
0
0.153645039
0.108487584
0.113654397
0
0.0816470236
0.0659053251
0
0
0.0420409925
0.0285345763
0.0731306672
0.101983204
0
0.119633578
0.0845481381
0.0885625407
0
0.0636941567
0.051463522
0
0
0
0
0
0
0
0
0
0
0
0
0
0
0
0
0
0
0
0
0
0
0.0154143116
0.0714989081
0.138779491
0.0125015751
0.0481709503
0.00418862235
0
0
0
0
0
0
0
0
0
0
0
0
0
0
0
0
0
0
0
0
0
0
0
0
0
0
0.000608789909
0
0
0
0
0
0.00820091087
0
0
0
0
0.0632866398
0
0
0
0
0
0
0
0.00605147425
0
0
0
0
0.0516200885
0
0.0400496311
0.0193778221
0.0420943052
0.0860566273
0.141184822
0.105977274
0
0
0.0682265311
0.0185637511
0
0
0
0.0232032631
0.00984181371
0.0245248601
0.0529403836
0.0885730982
0.065816313
0
0
0.04141571
0.00931563135
0
0
0
0.00468640402
0
0
0
0
0.000776335481
0
0
0.00421940815
0
0.00519089866
0
0
0.045549918
0
0
0
0
0.0222669095
0
0
0.0427691303
0
0.0485539995
0
0
0
0
0
0
0
0
0
0
0
0
0
0
0
0
0
0
0
0
0
0
0
0
0
0
0
0
0
0
0.0235564224
0.0190193243
0.00615178794
0.0136708207
0.0212466661
0.0207987987
0
0.0662464127
0
0
0.0358028188
0
0
0
0
0
0
0
0
0.0244129915
0
0
0
0
0.112404794
0.0968849137
0.198066622
0.208139077
0.0468389988
0
0
0.0117852185
0.00606108271
0
0
0
0.0294987783
0.109070443
0.0941587389
0.191375405
0.201053143
0.046074003
0
0
0.0123938918
0.00689407066
0
0
0
0.0294133015
0
0
0
0
0
0
0
0
0
0
0
0
0
0
0
0
0
0
0
0
0
0
0
0
0
0
0.0243242234
0.00415746076
0.00503108324
0.00724890921
0.0116569549
0.0233385637
0.0101652164
0.015602001
0.0245168209
0
0.0159248095
0.0098203551
0.00855837949
0.0773390681
0.0124421017
0.015253433
0.0223904327
0.0365755931
0.0741671994
0.0317751542
0.0492708161
0.0779588521
0
0.0503096171
0.0306653865
0.0266043302
0
0
0
0
0
0
0
0
0
0
0
0
0
0
0
0
0
0
0
0
0
0
0
0
0
0
0
0
0
0
0
0
0
0.0367370844
0
0.0539866611
0
0
0.0584291406
0
0
0
0
0
0
0
0
0
0
0
0
0
0
0
0
0
0
0
0
0
0
0
0
0
0
0
0
0
0
0
0
0
0
0
0
0
0
0
0
0
0
0
0
0
0
0
0
0
0
0
0
0
0
0
0
0
0
0
0
0
0
0
0
0
0
0
0
0
0
0
0
0
0
0
0
0
0
0
0
0
0
0
0
0
0
0
0
0
0
0
0
0
0
0
0
0
0
0
0
0.00115972781
0
0
0
0
0
0
0
0
0
0
0
0
0
0
0
0
0
0
0
0
0
0
0
0
0
0
0
0
0
0
0.0468654782
0.0368267335
0.108478092
0.287736088
0.437763602
0.31524083
0.222081318
0.167520002
0.212923601
0.166901201
0.23145014
0.311680913
0
0
0
0
0
0
0
0
0
0
0
0
0
0
0
0
0
0
0
0
0
0.00278673787
0
0
0
0
0
0
0
0
0
0
0
0
0
0
0
0
0
0
0.00190245535
0.0306596626
0.00149271183
0
0
0.0219833981
0
0
0
0
0.0318282805
0.0007517669
0
0
0
0
0
0
0
0
0
0
0
0
0
0.00756715564
0.0276327413
0.0422897898
0.00513407355
0
0
0.0131638963
0
0
0
0
0.000161323391
0.0208225157
0
0
0
0
0
0
0
0
0
0
0
0
0
0
0
0
0
0
0
0
0
0
0
0
0
0
0
0
0
0
0
0
0
0
0
0
0
0.0112001793
0
0
0
0
0
0
0
0
0
0
0
0
0
0
0.0246935375
0
0
0
0
0
0
0.00452668453
0.00777356094
0.00986484159
0
0.0185257681
0.0211079102
0
0
0
0
0
0
0
0
0
0
0
0
0
0
0
0
0
0
0
0
0
0
0
0
0
0
0
0
0
0
0
0
0
0
0
0
0
0
0
0
0
0
0
0
0
0
0
0
0
0
0
0
0
0
0
0
0
0
0
0
0
0
0
0
0
0
0.04530669
0.0832296312
0.0829931274
0.034337882
0.0795388296
0.0706672594
0.0617972352
0
0.0770454556
0
0.0256755222
0
0
0.0507560223
0.0928186327
0.0925563201
0.0385898538
0.088724941
0.0788849518
0.0690466762
0
0.0859593973
0
0.0289819129
0
0
0
0
0
0
0
0
0
0
0
0
0
0
0
0
0
0
0
0
0
0
0
0
0
0
0
0
0
0
0
0
0
0
0
0
0
0
0
0
0
0
0
0
0
0
0
0
0
0
0
0
0
0
0
0
0
0
0.0398163013
0.003248906
0
0
0
0
0.0282610413
0.0142102772
0
0
0
0
0
0.0404028408
0.00596625684
0
0
0
0
0.029520914
0.0162889007
0
0
0
0
0
0
0
0
0
0
0
0
0
0
0
0
0
0
0
0
0
0
0
0
0
0
0
0
0
0
0
0
0
0
0
0
0
0
0
0
0
0
0
0
0
0
0
0
0
0
0
0
0.0121074114
0.0433467366
0.0610475093
0.0299104564
0
0.0747322515
0.0440104865
0.0230090581
0
0
0
0.00502341799
0
0.011553729
0.0414419249
0.0583771244
0.0285867769
0
0.0714699849
0.0420769677
0.0219838694
0
0
0
0.00477612531
0
0
0
0
0
0
0
0
0
0
0
0
0
0
0
0
0
0
0
0
0
0
0
0
0
0
0
0
0
0
0
0
0
0
0
0
0
0
0
0
0
0
0
0
0
0
0
0
0.00413341355
0
0
0
0
0.032098189
0
0
0
0
0
0
0
0.0470125899
0
0.0269738585
0
0
0
0
0
0
0
0
0
0
0
0
0
0
0
0.0996573344
0
0
0
0
0
0
0
0
0
0
0.148723513
0.347645283
0.0690979511
0
0
0
0
0
0
0
0
0
0
0.104116887
0.246089026
0
0.0250553284
0.0205234755
0.022728689
0.121989116
0.00453858171
0
0
0.0273547247
0.017449528
0
0
0
0
0.0328179672
0.0281931199
0.0304435845
0.131740883
0.0118802087
0
0
0.0351645499
0.0250560939
0
0
0
0.0197906774
0
0
0
0
0
0
0.0221569724
0.106106006
0
0.0238247663
0.0862410963
0.036435537
0
0
0
0
0
0
0
0
0
0
0
0
0
0
0
0
0
0
0
0
0
0.011328415
0.0163077582
0
0
0
0
0
0
0
0
0
0
0
0
0
0
0
0
0
0
0
0
0
0
0
0
0
0
0
0
0
0
0
0
0
0
0
0
0
0
0
0
0
0
0
0
0
0
0
0
0.0582166873
0.0567661375
0
0
0
0.0715892687
0.149378479
0
0
0
0
0
0
0
0
0
0
0
0
0
0
0
0
0.0223231353
0
0.0199232977
0
0.0525779128
0
0.104185946
0.00902268011
0
0
0
0
0
0.0249390732
0
0.0224135611
0
0.0567782149
0
0.111088827
0.010942108
0
0
0
0
0
0
0
0
0
0
0
0
0
0
0
0
0
0
0
0
0
0
0
0
0.00529953931
0
0
0
0.158834875
0.13977012
0.26731652
0.304158211
0.103776939
0
0
0.0316034555
0.0417235829
0
0
0
0.0439161845
0.146758169
0.129184455
0.246755511
0.280715823
0.0960062817
0
0
0.0294774547
0.0388060883
0
0
0
0.040827211
0
0
0
0
0
0
0
0
0
0
0
0
0
0
0
0
0
0
0
0
0
0
0
0
0.00992078055
0
0
0
0
0
0
0
0
0
0
0
0
0
0
0
0
0
0
0
0
0
0
0
0
0
0
0
0.0163740721
0
0
0
0
0
0
0
0.0154745094
0
0
0.0214262474
0.0523607954
0
0
0
0
0
0
0
0
0
0
0
0
0
0
0
0
0
0
0
0
0
0
0
0
0
0
0
0
0
0
0
0
0
0
0
0
0
0
0
0.0292221196
5.76509374e-05
0.0216493048
0
0
0.00648537325
0.0500403792
0.0253740475
0
0.0424681194
0.0136386799
0.0740961432
0.0593744405
0.0256847478
0
0.018721493
0
0
0.00477815652
0.0448272787
0.0221464206
0
0.0378645323
0.0113556702
0.0669467151
0.0534100085
0
0
0
0
0
0
0
0
0
0
0
0
0
0
0
0
0
0
0
0
0
0
0
0
0
0
0
0
0
0
0
0
0
0
0
0
0
0
0
0
0
0
0
0
0
0
0
0
0
0
0
0
0
0
0
0
0
0
0
0
0
0
0
0
0
0
0
0
0
0
0
0
0
0
0
0
0
0
0
0
0
0
0
0
0
0
0
0
0
0
0
0.01738902
0.0155415619
0.0180674419
0.000672639988
0
0
0.0431287624
0.038268216
0.00122084143
0.0639778897
0.0172256194
0.0415475853
0
0
0
0
0
0
0
0
0
0
0
0
0
0
0
0
0
0
0
0
0
0
0
0
0
0
0
0
0.0333934017
0.027644366
0
0.160778031
0.0661400706
0
0.00794179831
0.0949619636
0.0300161727
0.0210529733
0.0164669808
0.0228664875
0
0.033302363
0.0278269406
0
0.154624462
0.0644905493
0
0.00906206388
0.0919407383
0.0300858673
0.0215492472
0.017181512
0.023276452
0
0
0
0
0
0
0
0
0
0
0
0
0
0
0
0
0
0
0
0
0
0
0
0
0
0
0.00620360486
0
0
0
0
0
0.00376284216
0.00884018745
0.00968283787
0.0221962146
0.0311557464
0
0
0
0
0
0
0
0
0
0
0
0
0
0
0
0
0
0
0
0
0
0
0
0
0
0
0
0
0
0
0
0
0
0
0
0
0
0
0
0
0
0
0
0
0
0
0
0
0
0
0
0
0
0
0
0
0
0
0
0
0
0
0
0
0
0
0
0
0.0282514263
0
0
0.077506803
0.0442122407
0
0
0.220220461
0.20166406
0.0695858672
0.0862342119
0.0887162164
0
0
0
0
0
0
0
0
0
0
0
0
0
0
0
0
0
0
0
0
0
0
0
0
0
0
0.187690303
0.389088154
0.731203556
0.898211837
0.945812821
0.981166542
0.592059672
0.628533721
0.546683133
0.160367787
0.282101244
0.0224639736
0
0
0
0
0
0
0
0
0
0
0
0
0
0
0
0
0
0
0
0
0
0
0
0
0
0
0
0.105013415
0.0117072789
0.0849005803
0.124206342
0
0.097516045
0.0984751359
0.0593756251
0
0.0247863401
0.0911419541
0
0
0.0548678674
0.00425326731
0.0439575091
0.0652792081
0
0.0508008637
0.0513211302
0.030111311
0
0.0113481004
0.0473431908
0
0
0
0
0
0
0
0
0
0
0
0
0
0
0
0
0
0
0
0
0
0
0
0
0
0
0
0
0
0
0
0
0
0
0
0
0
0
0
0
0
0
0
0
0
0
0
0
0
0
0
0
0
0
0.0392666869
0.0286009144
0.0264584497
0.0374863371
0.0501419678
0.0444020182
0.031632971
0.0161279682
0
0
0
0
0
0.0504191145
0.0359344073
0.0330248214
0.0480013005
0.0651883483
0.0573931783
0.0400521085
0.0189954564
0
0
0
0
0
0
0.0212242324
0.0141110048
0
0.0936538056
0.00100154278
0
0
0.0769591704
0.0652970225
0
0
0
0
0.00939283893
0.00319123245
0
0.0725399405
0
0
0
0.0579848662
0.0478173234
0
0
0
0
0
0
0
0
0
0
0
0
0
0
0
0
0
0
0
0
0
0
0
0
0
0
0
0
0
0
0.0264680162
0.0354498625
0
0.0667971075
0
0.0646574572
0.10081625
0
0.0295417067
0
0.028190406
0
0
0.0348770991
0.0463474244
0
0.0863796324
0
0.0836471766
0.129823998
0
0.0388023704
0
0.0370766856
0
0
0
0
0
0
0
0
0
0
0
0
0
0
0
0
0
0
0
0
0
0
0
0
0
0
0
0
0
0
0
0
0
0
0
0
0
0
0
0
0
0.0148575353
0.0879529193
0.125419408
0.133409232
0.133461997
0.0263100397
0.0506032407
0.0586577095
0
0.023923507
0
0
0
0
0
0
0
0
0
0
0
0
0
0
0
0
0
0
0
0
0
0
0
0
0
0
0
0
0.108052388
0
0
0
0.0844619647
0.0276066177
0
0
0.137620807
0.0757888854
0.0790734366
0
0
0.0567500293
0
0
0
0.0441107564
0.0136488015
0
0
0.0725921988
0.0394638926
0.0412236899
0
0
0
0
0
0
0
0
0
0
0
0
0
0
0
0
0
0
0
0
0
0
0
0
0
0
0
0
0
0
0
0
0
0
0
0
0
0.00493824948
0
0
0
0
0
0
0
0
0
0
0.000132529793
0
0.0165560879
0
0.00839885231
0
0.00126535806
0
0
0.00261362363
0
0
0
0
0
0
0
0
0.00167688308
0
0.00631016539
0
0
0
0
0
0
0.00617039064
0
0
0
0
0
0
0
0
0
0
0
0
0
0
0
0
0
0
0
0.00771294488
0.039429009
0
0
0.039451804
0.0359512754
0
0
0
0.0256380923
0.0108821644
0
0
0
0
0
0
0
0
0
0
0
0
0
0
0
0
0
0
0
0
0.0543584414
0
0
0
0.0465732589
0
0
0
0
0
0
0
0
0
0
0
0
0
0
0
0
0
0
0
0
0
0
0
0
0
0
0
0
0
0
0
0
0
0
0
0
0
0
0
0
0
0
0
0
0
0
0
0
0
0
0
0
0
0
0
0
0
0
0
0
0
0
0
0
0
0
0
0
0
0
0
0
0
0
0
0
0
0
0
0.0559597537
0
0
0.0298199579
0
0.0982861817
0
0
0.129442886
0.057035394
0.0364767015
0
0
0
0
0
0
0
0
0
0
0
0
0
0
0
0
0
0
0
0
0
0
0
0
0
0
0
0
0
0
0
0
0
0
0
0
0
0
0
0
0
0
0.0284754634
0.029664075
0
0
0
0.0448528528
0.0684556738
0
0.0194174908
0
0.0434472971
0.0217035003
0
0
0
0
0
0
0
0
0
0
0
0
0
0
0
0
0
0
0
0
0
0
0
0
0
0
0
0.0196874421
0
0.0296213832
0
0.0240102392
0
0.0126375966
0.0137019055
0
0
0
0
0
0
0
0
0
0
0
0
0
0
0
0
0
0
0
0
0
0
0
0.0243456773
0.0427144319
0
0
0
0.0418384261
0.059043441
0
0.0998336077
0.0174715947
0
0
0
0
0.0168022942
0
0
0
0
0
0
0.0493027531
0.00858491473
0
0
0
0
0.00825402886
0
0
0
0
0
0
0
0
0
0
0
0
0
0
0
0
0
0
0
0.0052972422
0
0
0
0.0163528789
0
0
0
0
0
0
0
0.0976485536
0.0733165294
0.137821451
0.164920121
0.173232898
0.181981266
0.120979659
0.114196956
0.0610532686
0.0617323704
0.101784207
0.0644208044
0.00639930973
0.136251643
0.102134742
0.192579672
0.230575815
0.242231488
0.254497916
0.168965116
0.159454823
0.0849399269
0.085892126
0.142050415
0.0896616876
0.00830742717
0
0
0
0
0
0
0
0
0
0
0
0
0
0
0
0
0
0
0
0
0
0
0
0
0
0
0
0
0
0
0
0
0
0
0
0
0
0
0
0
0
0
0
0
0
0
0
0
0
0
0
0
0
0
0
0
0
0
0
0.0179408751
0
0
0
0
0
0
0
0
0
0
0
0
0.0212120935
0
0
0
0
0
0.00736329192
0
0
0
0
0
0
0
0.0711767673
0
0.00162651588
0.0492957309
0
0.00375266676
0
0
0
0
0
0
2.58079835e-05
0.0223918352
0
0.00207702187
0.0160006415
0
0
0
0
0
0
0
0
0
0
0
0
0
0
0
0
0
0
0
0
0
0
0
0
0
0
0
0
0
0
0
0
0
0
0
0
0
0
0
0
0
0
0
0
0
0
0
0
0
0
0
0
0
0
0
0
0
0
0
0
0
0
0
0
0
0
0
0
0
0
0
0.0132751865
0
0
0.0383494794
0
0
0
0
0
0.0227570944
0.0205966998
0.0237377249
0
0
0.027971305
0.0247563198
0
0
0
0.00132382277
0
0.024068689
0
0
0
0.0607879646
0.0699154213
0
0
0.0778890029
0.085138984
0.0381381735
0.010649831
0.0339077413
0
0
0
0
0
0
0
0
0
0
0
0
0
0
0
0
0
0
0
0
0
0
0
0
0
0
0
0
0
0
0
0
0
0
0
0
0
0
0
0
0
0
0
0
0
0
0
0
0
0
0
0
0
0
0
0
0
0
0
0
0
0
0
0
0
0
0
0
0
0
0
0
0
0
0
0
0
0
0.117354311
0.0610361062
0.109018289
0.122400738
0.0180776399
0
0
0
0
0
0
0
0.03205375
0
0
0
0
0
0
0
0
0
0
0
0
0
0
0
0
0
0
0
0
0
0
0
0
0
0
0
0.0179930516
0.02800777
0.0159226768
0.0570085868
0.0891903639
0.0215442739
0
0.182858154
0.191027135
0.0464674495
0.0739414617
0.0530226827
0
0
0
0
0
0
0
0
0
0
0
0
0
0
0
0
0
0
0
0
0
0
0
0
0
0
0
0
0.0162769519
0
0.0878249407
0
0.0604912341
0.0641219243
0.0815572292
0.118137859
0.0217593908
0.025257729
0.00119242247
0
0
0.0212736838
0
0.107563794
0
0.0745981112
0.0789768919
0.100004651
0.144122541
0.0278857537
0.0321049057
0.00308105815
0
0
0
0
0
0
0
0
0
0
0
0
0
0
0
0
0
0
0
0
0
0
0
0
0
0
0
0
0
0
0
0
0
0
0
0
0
0
0
0
0.0713809133
0.123961873
0.157761291
0.29519245
0.346134961
0.18027401
0.174454227
0.153495476
0.0861563683
0.164185077
0.093379043
0.116232745
0
0
0
0
0
0
0
0
0
0
0
0
0
0
0
0
0
0
0
0
0
0
0
0
0
0
0
0
0
0
0
0
0
0
0
0
0
0
0
0.00177117181
0.00963506941
0.00708130747
0.00636108732
0.00264351047
0.0066371588
0.0187077653
0.0138552152
0
0
0.00170632091
0.00424555549
0
0
0
0
0
0
0
0
0
0
0
0
0
0
0
0
0
0
0
0
0
0
0
0
0
0
0
0
0
0
0
0
0
0
0
0
0
0
0
0
0
0
0
0
0
0
0
0
0
0
0
0
0
0.0414168313
0.0178929809
0.0236288868
0.0385308899
0.0311134849
0.0309334155
0.010057671
0.00224403571
0.00873821694
0
0.00325815892
0
0.010568534
0
0
0
0
0
0
0
0.000633137475
0
0.108637422
0
0.00801382773
0
0.0237073712
0.00217269268
0
0
0.00884951744
0
0
0
0.0600967482
0
0.0248974785
0
0.00933737308
0
0
0
0
0
0
0
0
0
0
0
0
0
0.00422992418
0.0083712507
0.0131014753
0.00920965988
0.00978532992
0.0117603233
0.00525772013
0.0031270266
0.0050333105
0.000979623757
0.00251709996
0.000719930744
0.00834125374
0
0
0
0
0
0
0
0
0
0
0
0
0
0
0
0
0
0
0
0
0
0
0
0
0
0
0
0.011423477
0.00753027946
0
0.00930339657
0.014510694
0
0
0
0.00337288389
0
0
0
0
0
0
0
0
0
0
0
0
0
0
0
0
0
0
0
0
0
0
0
0
0
0
0
0
0
0
0
0
0
0
0
0
0
0
0
0
0
0
0
0
0
0
0
0
0
0
0
0
0
0
0
0
0
0
0
0
0
0
0
0
0
0
0
0
0
0
0
0
0
0
0
0
0
0
0
0
0.0311076194
0
0
0
0.0279546808
0.0862145722
0
0
0
0.0317373425
0.0145401545
0
0
0
0
0
0
0
0
0
0
0
0
0
0
0
0
0.0763536692
0.0252095666
0.0216213018
0.0521285012
0.0754571706
0.08368963
0.0331719518
0.0144263804
0.0135123944
0
0.0211854912
0
0
0
0
0
0
0
0
0
0
0
0
0
0
0
0
0
0
0
0
0
0
0
0
0
0
0
0
0
0
0
0
0
0
0
0
0
0
0
0
0
0
0.0505490005
0.0877165273
0.0611960366
0
0
0
0.00366675179
0
0
0
0
0.0206869412
0.0242418926
0
0
0
0.053612791
0.092606701
0.0444386788
0.00570900971
0.0278607197
0.0492710359
0.0577333942
0.0128299929
0
0
0
0
0
0
0
0
0
0
0
0
0
0
0
0
0
0
0
0
0
0
0
0
0
0
0
0.045389127
0.0823030919
0.107571967
0.148164183
0.000208593949
0.17849794
0.110644929
0.115820684
0
0.0634959266
0.00935259461
0.0557067692
0.0283816177
0.0433792546
0.0784752667
0.102499701
0.141092822
0.000423782796
0.169932708
0.105421327
0.110342182
0
0.0605943277
0.00911745802
0.053188771
0.0272093359
0.0233494975
0
0
0.0409636311
0
0.0817267448
0
0
0.0600373708
0.00598585978
0.0334427953
0
0
0.00871865172
0
6.97343421e-05
0.013475976
0
0.0244855043
0
0
0.0186275169
0.00402898388
0.0114447065
0
0
0
0
0
0
0
0
0
0
0
0
0
0
0
0
0
0
0
0
0
0
0
0
0
0
0
0
0
0
0
0
0
0.0122583034
0
0
0
0
0.0104844067
0
0
0
0
0
0
0
0.0167059246
0
0
0
0
0.0141155403
0
0
0
0
0
0
0
0
0
0
0
0
0
0
0
0
0
0
0
0
0
0
0
0
0
0
0
0
0
0
0
0
0
0
0
0
0
0
0
0
0
0.0285155214
0
0
0
0
0
0
0
0.0441264436
0.0436551683
0.0770751759
0
0
0
0
0
0
0
0
0
0
0
0
0
0
0
0
0
0
0
0
0
0
0
0
0
0
0.0577313006
0.0720569789
0
0
0
0
0
0
0
0.064676933
0
0
0
0
0.00803305116
0
0
0
0
0
0
0
0
0.0204534028
0
0
0
0
0.0231326241
0
0
0
0
0
0
0
0.0673106164
0
0.0220428128
0.00027176048
2.44762414e-05
0
0
0
0
0
0
0
0
0
0
0
0
0
0
0
0
0
0
0
0
0
0
0
0
0
0
0
0.00727781979
0
0
0
0.0229979586
0.0138842855
0.000777883513
0
0.000581434229
0
0
0
0
0
0
0
0
0
0
0
0
0
0
0
0
0
0
0
0
0
0
0
0
0
0
0
0
0
0
0
0.0689485744
0
0.176895201
0
0.000802833063
0
0
0
0
0
0
0.0568165183
0.0411363281
0.101219133
0.0862041041
0.121076956
0.0848188028
0.0886830688
0.0357333124
0.0786517188
0.000964460836
0.0506338887
0.0314347371
0.0441317521
0
0
0
0
0
0
0
0
0
0
0
0
0
0
0
0
0
0
0
0
0
0
0
0
0
0
0.00315899285
0.0336391777
0.00633920729
0.0744741485
0.0409433246
0.116969548
0
0
0.0679009929
0.0722771809
0
0
0
0
0
0
0
0
0
0
0
0
0
0
0
0
0
0
0
0
0
0
0
0
0
0
0
0
0
0
0
0
0
0
0
0
0
0
0
0
0
0
0
0
0
0
0
0
0
0
0
0
0
0
0
0.0476724319
0.021817863
0.0272763148
0.0363061056
0.0481073037
0.026764337
0.0194432028
0.0191466473
0.0370394476
0.0725992024
0.0366349481
0.0308443662
0.0259149969
0
0
0
0
0
0
0
0
0
0
0
0
0
0
0
0
0
0
0
0
0
0
0
0
0
0
0
0
0
0
0
0
0
0
0
0
0
0
0
0
0
0
0
0
0
0
0
0
0
0
0
0
0
0
0
0
0
0
0
0
0
0
0
0
0
0
0
0
0
0
0
0
0
0
0
0
0
0
0
0
0
0
0
0
0
0
0
0
0
0
0
0
0
0
0.0058319699
0
0
0
0.134385183
0
0
0
0.0183050968
0.0162162073
0
0
0
0
0
0.00892050285
0
0
0
0
0
0
0
0
0
0
0
0
0.0193134528
0.000141853074
0
0
0
0
0
0
0
0
0
0
0
0
0
0
0
0
0
0
0
0
0
0
0
0
0
0
0
0
0
0
0
0
0
0
0
0
0
0
0
0.0125518776
0
0
0
0.013529148
0
0
0
0
0
0
0
0
0.0114789978
0
0
0
0.0126250936
0
0.0299774613
0
0
0.0499771386
0.0805217922
0.0478588417
0.0308343619
0.0741840005
0.0376034752
0.0673194528
0.0476786904
0.0377584696
0
0.0338729024
0
0
0.0572457761
0.0929421708
0.0547702014
0.0348743312
0.0855354294
0.0427851416
0.0775130913
0.0545596667
0.0429662801
0
0
0
0
0.00545926206
0
0
0
0
0
0
0
0.0263998602
0.0679829493
0
0
0
0.0079289889
0
0
0.00184178655
0
0
0
0
0.0261364859
0.0622922741
0
0
0
0
0
0
0
0
0
0
0
0
0
0
0
0
0
0
0
0
0
0
0
0
0
0
0
0
0
0
0
0
0
0
0
0
0
0
0
0
0
0
0
0
0
0
0
0
0.0104351696
0
0
0
0
0
0
0
0
0
0
0
0
0
0
0
0
0.0246215854
0.0847644433
0.0999026224
0.0590386987
0.0399593711
0
0.102058068
0.0630510896
0
0.0413938686
0.0048017893
0.0257581305
0.07712809
0
0
0
0
0
0
0
0
0
0
0
0
0
0
0
0
0
0
0
0
0
0
0
0
0
0
0
0
0.0289700832
0.0581169538
0.00448361505
0.0260414742
0.08113873
0.0248495899
0.00481584761
0
0
0.0753234699
0.0447463766
0
0
0.00992481597
0.020838026
0.000756558613
0.00882828142
0.0294578709
0.00838201493
0.000880953623
0
0
0.0272805151
0.0158317965
0
0
0
0
0
0
0
0
0
0
0
0
0
0
0
0
0
0
0
0
0
0
0
0
0
0
0
0
0
0
0
0
0
0
0
0
0
0
0
0
0
0
0
0
0
0
0
0
0
0
0
0
0
0
0
0
0
0
0
0
0
0
0
0
0
0
0
0
0
0
0.0654263645
0.0548714176
0.00673221005
0.0197762605
0
0.0167931635
0
0.000172727654
0
0
0
0
0
0
0
0
0
0
0
0
0
0.0469018333
0.00306737376
0
0
0.104675941
0.0931734815
0
0.0398282483
0.149310783
0
0.0657890216
0.0438342094
0.0198678114
0
0
0
0
0
0
0
0
0
0
0
0
0
0
0
0
0
0
0
0
0
0
0
0
0
0
0
0
0
0
0
0
0
0
0
0
0
0
0
0
0
0
0
0
0
0
0
0
0
0
0
0
0
0
0
0
0
0
0
0
0
0
0
0
0
0
0
0
0
0
0
0
0
0
0
0
0
0
0.0357636474
0
0
0.0539732464
0.0390847251
0.0215701703
0.00633881241
0.0442069173
0.0101552391
0.00856609829
0.0274553839
0.0282853898
0
0.0357286409
0
0
0.0537620708
0.0390175916
0.0216724779
0.00658847485
0.0440902263
0.0103679793
0.00879421271
0.0275007561
0.0283227302
0
0
0
0
0
0
0
0
0
0
0
0
0
0
0
0
0
0
0
0
0
0
0.0291886237
0.017040832
0
0
0
0
0
0
0
0
0
0
0
0
0
0
0
0
0
0
0
0
0
0
0
0
0
0
0
0
0
0
0
0
0
0
0
0
0
0
0
0
0
0
0
0
0
0
0
0
0
0
0
0
0
0
0
0
0
0
0
0
0
0
0
0
0
0
0
0
0
0
0
0
0
0
0
0
0
0
0
0
0
0
0.00285186013
0.00298702135
0.0112757245
0.0235199444
0.0442064442
0.0294135157
0.0208612401
0.0180991739
0.0238574371
0.0180764254
0.0208885577
0.0343028679
0
0.0292279888
0.0303592253
0.0997317731
0.202210128
0.375346392
0.251536548
0.179958016
0.156840831
0.205034792
0.156650424
0.180186644
0.292458117
0
0
0
0
0
0
0
0
0
0
0
0
0
0.00528789265
0.00315514021
0.00133507792
0.00648275763
0.0460192524
0
0
0
0.060994938
0.0117082037
0.0109548215
0
0.0169827845
0.151489079
0
0
0
0
0
0
0
0
0.00122434914
0
0.28940925
0.738227546
0.139333025
0
0
0
0
0
0
0
0
0
0
0.269328237
0.692357302
0
0
0
0
0
0
0
0
0
0
0
0
0
0
0
0
0
0
0
0
0
0
0
0
0
0
0
0
0
0
0
0
0
0
0
0.00761539629
0
0
0
0
0
0
0
0
0
0
0
0
0.00498505495
0
0
0
0
0
0
0
0
0
0
0
0
0
0
0
0
0
0
0
0
0
0
0
0
0
0
0
0
0
0
0
0
0
0
0
0
0
0
0
0
0
0
0
0
0
0
0
0
0
0
0.0224399809
0.0170268435
0
0
0
0
0
0
0
0
0
0
0
0
0
0
0
0
0
0
0
0
0
0
0
0
0
0
0
0
0
0.0451622829
0.0552318171
0.076627858
0.0713700056
0.0554084517
0.115550488
0.0553086922
9.42832594e-06
0.0582403317
0.0495254509
0.0272420477
0.0374552459
0.0332577378
0
0
0
0
0
0
0
0.00390366861
0
0
0
0
0
0
0
0
0
0
0
0
0
0
0
0
0
0
0
0
0
0
0
0
0
0
0
0
0
0
0
0
0
0
0
0
0
0
0
0
0
0
0
0
0
0
0
0
0
0
0
0
0
0
0
0
0
0
0.0245008972
0.0202887692
0.0105763273
0
0
0.00291921641
0.0100487368
0
0.0286383498
0
0
0
0
0.0372254364
0.0308593679
0.0161803048
0
0
0.00460760202
0.0153829223
0
0.0434786454
0
0
0
0
0
0
0
0
0
0
0
0
0
0
0
0
0.0484241508
0
0
0
0.0518033914
0
0
0
0
0
0
0
0
0
0.00159119419
0.00164698425
0
0
0
0
0
0
0
0
0
0
0
0
0
0
0
0
0
0
0
0
0
0
0
0
0.00708885957
0.00735718943
0
0.0026689712
0
0
0
0
0
0
0
0
0
0
0
0
0
0
0
0
0
0
0
0
0
0
0
0
0
0
0
0
0
0
0
0
0
0
0.0332728922
0
0
0
0
0.0266780667
0
0
0.0505011119
0.00776274037
0.0691915303
0
0
0
0
0
0
0
0
0
0
0
0
0
0
0
0
0
0
0
0
0
0
0
0
0
0
0
0
0
0
0
0
0.0325465798
0.0531973243
0
0
0.0920099616
0.163859487
0.0739441589
0.0737182647
0
0
0
0
0
0
0
0
0
0
0
0
0
0
0
0
0
0
0
0
0
0
0
0
0
0
0
0.0523491502
0.0500793979
0.073291868
0.0631437749
0.0731563866
0.115214854
0.0545840338
0.0258276891
0.0760922804
0.0279331822
0.0586624779
0.00717199547
0.0158727653
0.201421648
0.479227602
0.893948853
1.05454803
1.14983857
1.13123369
0.712352157
0.783911526
0.667907417
0.170407102
0.308225214
0.0526991785
0
0.122016057
0.286960214
0.53319633
0.628550231
0.685127974
0.674081445
0.425375313
0.467862874
0.398986757
0.103601515
0.185429469
0.0337137617
0
0
0
0
0.00163461093
0.167023674
0.0764508098
0
0
0
0
0
0
0
0
0
0
0
0
0
0
0
0
0
0
0
0
0
0
0
0
0
0
0
0
0
0
0
0
0
0
0
0
0
0
0
0
0
0
0
0
0
0
0
0
0
0
0
0
0
0
0
0
0
0
0
0
0
0
0
0
0
0
0
0
0
0
0
0
0
0
0
0
0
0
0
0
0
0
0
0
0
0
0
0
0
0
0
0
0
0
0
0
0
0
0.00541112199
0
0
0
0
0
0
0.017230643
0.0182348005
0.0568306521
0.0236881152
0.0486936942
0.0245639477
0.00373444171
0
0
0
0
0
0
0.0162291918
0.0172907151
0.0580914803
0.0230555683
0.0494896732
0.0239814352
0
0
0
0
0
0
0
0
0
0
0
0
0
0
0
0
0
0
0
0
0
0.0484347418
0
0
0
0
0.11255344
0
0
0
0
0
0
0
0
0
0.00765580125
0.347323895
1.05519128
0.118074492
0
0
0
0
0
0
0
0
0
0.00943640061
0.361216396
1.09432495
0
0
0
0
0
0
0
0
0
0
0
0
0
0
0
0
0
0
0
0
0
0
0
0
0
0
0.146047696
0.287822574
0.555215359
0.675141275
0.706017852
0.731050014
0.432626128
0.465739846
0.397336125
0.113379613
0.21931529
0
0
0.165213302
0.323144287
0.621008098
0.754600286
0.788995385
0.816880167
0.484449059
0.521336257
0.445137531
0.128822491
0.24683018
0.000613280281
0
0
0
0
0
0
0
0
0
0
0
0
0
0
0
0
0
0.00494723627
0.0618734919
0.0763529167
0
0
0.102598965
0.122017242
0.031903103
0.0139587857
0.0336933695
0.00262370356
0
0
0.00339694717
0
0.00854295865
0.01119415
0.00963165704
0.0111892009
0.0107153114
0.00326409633
0.0100201331
0
0.0270501729
0
0
0.0317107663
0.00421415316
0.0627274513
0.0787070468
0.0692893937
0.0786772221
0.0758209303
0.03091003
0.0716308653
0
0
0
0
0
0
0
0
0
0
0
0
0
0
0
0
0
0
0
0.0350175165
0.0562180914
0
0
0
0
0
0
0.0246169139
0.0129680615
0.0622255206
0.0776131004
0.0713614672
0.0968778506
0.0794808865
0.0343544595
0.0437928699
0.0601556711
0.0327935629
0.0166196134
0
0
0
0
0
0
0
0
0
0
0
0
0
0
