0
0
0
0
0
0
0
0
0
0
0
0
0
0
0
0
0
0
0
0
0
0
0
0
0
0
0
5.85195903e-06
2.32959664e-07
7.44339729e-07
0
0
8.68330574e-07
0
8.136671e-07
5.12593397e-05
3.35599798e-05
1.32401628e-05
0
0
2.62918275e-06
1.22750819e-07
6.60359228e-06
2.61810328e-05
4.85548226e-05
4.32714405e-05
4.90852581e-05
2.72846773e-05
4.66340225e-06
0
1.30400831e-05
0
0
0
0
0
0
0
0
0
0
0
0
0
0
0
0
0
0
0
0
0
0
0
0
0
0
0
0
0
0
0
0
0
0
0
0
0
0
0
0
0
0
0
0
0
0
0
0
0
0
0
0
0
0
0
0
0
0
0
0
0
0
0
0
0
0
0
0
1.26062105e-07
0
0
0
6.0871578e-08
0
0
0
0
1.3098205e-06
0
2.63765141e-05
0
0
0
0
0
0
0
0
0
0
0
0
0
0
0
0
0
0
0
0
0
0
0
0
0
0
0
0
0
0
0
0
0
0
0
0
0
0
0
0
0
0
0
0
0
0
0
0
0
0
0
0
4.83532615e-12
7.27067857e-07
0
0
0
0
0
0
2.34116328e-07
1.33652719e-07
1.94380476e-07
0
0
0
0
0
0
0
0
0
0
0
0
0
0
0
0
0
0
0
0
0
0
0
0
0
0
0
0
0
0
0
0
0
0
0
0
0
0
0
0
0
3.10851578e-06
1.58288822e-06
2.84809948e-06
2.81879306e-06
1.3709531e-06
0
1.51365418e-06
3.06628112e-06
1.05008403e-05
2.67947235e-06
0
0
0
0
0
0
0
0
0
0
0
0
0
0
0
0
0
0
0
0
0
0
0
1.47579067e-05
0
0
0
0
5.93535879e-06
0
0
0
0
0
0
0
0
0
0
0
0
0
0
0
0
0
0
0
0
0
0
0
0
0
0
0
0
0
0
0
0
0
0
0
0
0
0
0
0
0
0
0
0
0
0
0
0
0
0
0
0
0
0
0
0
0
0
0
0
0
0
0
0
0
0
0
0
0
0
0
0
0
0
0
0
0
0
0
5.56896839e-06
3.72936529e-06
0
0
0
0
0
1.17056343e-05
1.61826847e-05
2.86367831e-05
3.81028894e-06
0
0
0
0
0
0
0
0
0
0
0
0
0
0
0
0
0
0
0
0
0
0
0
0
0
0
0
0
0
0
0
0
0
0
1.44123916e-07
0
0
0
0
0
0
0
0
0
0
0
0
0
0
0
0
0
0
0
0
0
0
5.75513741e-06
0
0
7.74353066e-06
0
2.52199534e-05
0
0
1.85118574e-06
0
0
0
0
0
0
0
5.59034333e-06
0
0
0
0
0
0
0
0
0
0
0
0
0
0
0
0
0
0
0
0
0
0
0
0
0
0
0
0
0
0
0
0
0
7.03477895e-07
0
0
0
1.99351643e-06
0
0
0
0
0
1.22230711e-06
1.27849361e-07
0
0
0
5.11215944e-07
8.55154212e-07
0
0
0
0
0
0
0
0
0
0
0
0
0
0
0
0
0
0
0
0
0
0
0
0
0
0
0
0
0
0
0
0
0
0
0
0
0
0
0
0
0
0
0
0
0
0
0
0
0
0
0
0
0
0
0
0
0
0
0
0
0
0
0
0
0
0
0
0
0
0
0
4.53741814e-05
0
0
1.01074113e-06
0
2.24522933e-06
0
0
0
0
0
0
1.99715305e-06
0
0
0
0
0
0
0
0
0
0
0
0
0
0
0
0
0
0
0
0
0
0
0
0
0
0
0
0
0
0
0
0
0
0
4.23879919e-06
0
5.15953616e-07
7.58162813e-08
0
0
0
0
0
0
0
0
0
0
1.70349188e-06
0
0
0
0
0
0
0
0
0
0
0
0
0
0
0
0
0
0
0
0
0
0
0
0
0
0
0
0
1.95809389e-06
0
0
0
1.02092317e-08
0
0
0
0
0
0
0
0
0
0
0
0
0
0
0
0
0
0
0
0
0
0
9.49957976e-05
0
0
0
0
0
0
0
0
0
0
0
0
1.47998817e-05
0.000228200297
0.000209781443
0.000168183804
0.00018955626
0.000200881492
0.000171509164
0.000201322415
0.000187758764
4.69487859e-05
5.05869284e-05
0
0
0
0
0
0
0
3.86762657e-08
3.36016797e-07
0
9.8306586e-08
0
0
0
0
0
0
0
0
0
0
0
0
0
0
0
0
0
0
0
0
0
0
0
0
0
0
0
0
0
0
8.71117649e-08
6.82750212e-08
1.32067224e-09
2.49871657e-09
5.87896754e-09
7.39020978e-09
5.81648146e-06
8.02689101e-06
2.17444516e-08
1.22023322e-10
0
0
0
2.69357429e-07
0
0
0
0
0
0
0
0
0
0
4.63085917e-06
0
1.10745668e-05
0
0
0
7.01984527e-06
3.25908582e-06
0
6.12279518e-06
1.7431521e-05
0
0
0
0
0
0
1.38438736e-06
1.14490456e-06
3.002624e-07
2.29216857e-06
1.87505862e-07
0
7.6115704e-08
0
0
0
1.02243291e-07
0
0
0
0
0
0
0
0
0
0
0
0
0
0
0
0
0
0
0
0
0
0
0
0
0
0
0
0
0
0
0
0
0
0
0
0
9.83202995e-07
0
0
0
0
0
0
8.29793771e-06
0
5.184598e-08
0
0
0
0
0
1.57533236e-06
0
0
0
0
0
0
0
0
0
0
0
0
0
0
0
0
0
0
0
0
0
0
0
0
0
0
0
0
0
0
0
0
0
0
0
0
0
0
3.03908877e-07
0
0
0
0
0
0
0
0
0
0
0
6.21573761e-08
2.87691293e-08
0
0
1.26277155e-06
3.22249548e-07
0
0
2.10190456e-06
2.04697039e-06
9.10027182e-08
0
0
0
0
0
2.2426686e-05
0
0
1.6670765e-06
5.1081638e-06
4.30598493e-06
2.85581541e-06
0
0
0
0
0
0
0
5.99721352e-06
1.73607395e-06
0
0
0
0
0
7.76078377e-06
0
0
0
0
0
0
0
0
0
0
0
0
0
0
0
0
0
0
0
0
0
0
0
0
0
0
0
0
0
0
0
0
0
0
0
0
0
0
0
0
0
0
0
0
0
0
0
0
0
0
0
0
0
0
0
0
0
0
0
0
0
0
0
0
0
0
4.31182252e-06
0
0
0
2.02102292e-05
4.47611455e-06
1.76640315e-05
0
2.24142104e-06
2.41870271e-06
1.14876525e-06
1.85119407e-05
0
2.64193259e-05
0
0
0
0
0
0
0
0
0
0
0
0
0
0
0
0
0
0
0
0
0
0
0
0
0
0
0
0
0
0
0
0
0
0
0
0
0
0
0
0
0
0
0
0
0
0
0
0
0
0
0
0
0
0
0
0
0
0
0
0
0
0
2.75636751e-07
0
0
0
0
0
0
0
0
2.20057288e-07
0
0
0
1.31603929e-06
0
0
0
4.10081293e-06
0
0
1.43401962e-06
0
0
0
1.11977693e-06
1.55070765e-07
0
0
0
0
0
0
0
0
0
0
0
0
1.6707545e-06
0
0
0
0
0
0
0
0
0
0
0
0
0
3.25339926e-07
0
0
0
0
0
0
0
0
0
0
0
0
6.12034364e-06
0
0
0
0
0
0
0
0
0
0
0
0
0
0
0
0
0
0
0
0
0
0
0
0
0
0
0
0
0
1.08112381e-05
0
0
0
0
0
0
0
0
0
5.0874437e-06
0
0
0
0
0
0
0
0
0
0
0
0
0
0
0
0
0
0
0
9.11490224e-06
1.85416429e-05
7.61231604e-06
3.97744861e-06
4.78063066e-06
3.44011896e-05
2.26344364e-05
6.8715658e-06
0
0
0
0
0
0
0
0
0
0
0
0
0
2.4688336e-06
0
0
0
0
0
0
0
0
0
0
0
0
0
0
0
0
0
0
0
0
0
0
0
0
0
0
0
0
0
0
0
0
0
0
0
0
0
0
0
0
0
0
0
0
0
0
0
0
0
0
0
0
0
3.40822658e-06
2.96616953e-08
0
0
0
0
0
0
1.71200373e-10
2.11417481e-10
7.50747859e-06
0
0
0
0
0
0
0
0
0
0
0
0
0
0
0
0
0
0
0
0
0
0
0
0
0
0
0
0
0
0
0
0
0
0
0
0
0
0
0
0
0
0
0
0
0
0
0
0
0
0
0
0
0
5.39884184e-07
0
0
0
0
0
0
0
0
0
0
0
0
0
0
0
0
0
0
0
0
0
0
0
0
0
0
0
0
0
1.97877881e-07
0
0
0
0
4.27295527e-06
0
0
0
0
0
0
0
0
0
0
0
0
0
0
0
0
0
0
0
0
0
0
0
0
0
0
0
0
0
0
0
0
0
0
0
0
0
0
0
0
0
0
0
0
0
0
0
0
0
0
0
0
0
0
0
0
0
0
0
0
0
0
0
0
0
0
0
0
0
0
0
0
0
0
0
0
0
0
0
0
0
0
0
0
0
0
0
0
0
0
0
0
0
0
0
0
0
0
0
0
0
0
0
0
0
0
0
0
0
0
0
0
0
0
0
0
0
0
0
0
0
0
0
0
0
0
0
0
0
0
0
0
0
3.11381336e-05
1.92837615e-05
0
0
0
1.03510856e-05
6.90978504e-06
2.34078598e-05
0
0
0
0
0
3.25867563e-06
0
1.81458446e-07
2.82146284e-05
0
4.59019446e-07
0
0
0
6.21710399e-07
1.90900737e-05
0
0
0
0
0
0
0
0
0
0
0
0
0
0
0
0
0
0
0
0
0
0
1.28427325e-06
1.1339469e-05
4.88541627e-05
3.52369693e-06
3.64013749e-06
0
0
0
0
0
0
0
0
0
0
0
0
0
0
0
0
0
0
0
0
0
0
0
0
0
0
0
5.85090199e-08
0
0
0
0
0
1.09590007e-06
0
0
0
0
0
0
0
0
0
0
0
0
0
0
0
0
0
6.2999452e-06
0
0
0
4.31557424e-07
1.84244218e-05
0
0
0
0
0
7.30149395e-07
0
0
0
3.92963884e-05
1.356352e-05
0
2.54912129e-06
2.2517348e-05
2.31832164e-05
0
0
2.53815178e-05
0
0
0
0
1.93110327e-06
0
0
0
0
0
0
0
0
0
1.35115101e-06
0
0
7.97760731e-05
0
0
0
0
1.26266809e-06
0
0
0
0
0
0
0
0
0
0
0
0
0
0
0
0
0
0
0
0
0
0
0
0
0
0
0
0
0
0
0
0
0
0
0
0
0
0
0
0
0
0
0
0
0
0
0
0
0
0
0
0
0
0
0
0
0
0
0
9.04669505e-05
3.56633136e-05
3.76869903e-05
5.91937824e-05
1.61073276e-05
0
0
6.51017626e-06
3.13001942e-06
0
0
0
1.16776505e-06
0
0
3.03883335e-05
3.8344886e-05
1.41809517e-06
0
0
0
0
0
0
0
1.03371558e-05
0
0
0
0
0
0
0
0
0
0
0
0
0
0
0
0
0
0
0
0
0
0
0
0
0
0
1.01943742e-05
1.36396397e-06
0
2.07391722e-07
4.47040122e-07
2.04471871e-06
3.18880296e-07
0
0
0
0
2.56948852e-06
2.05276365e-06
0
0
1.2729555e-06
1.01409626e-06
0
1.04149367e-05
9.10340475e-07
4.00899989e-06
1.25969264e-05
0
8.22785842e-06
2.5316001e-06
1.5358485e-07
0
0
0
0
0
0
0
0
0
0
0
0
0
0
0
0
0
0
0
0
0
0
0
0
0
0
0
0
0
0
0
0
0
0
0
4.20335982e-06
0
0
0
0
0
0
0
0
0
0
0
0
0
0
0
0
0
0
0
0
0
0
0
0
0
0
0
0
0
0
0
0
0
0
0
0
0
0
0
0
0
0
0
2.6382977e-06
0
0
0
0
0
0
0
0
0
0
0
0
0
0
0
0
0
0
0
0
0
0
0
0
0
0
0
0
0
0
0
0
0
0
0
0
0
0
0
0
0
0
0
0
0
0
0
0
0
0
0
0
0
0
0
0
0
0
0
0
0
0
0
0
0
0
0
0
0
0
0
0
0
0
0
0
0
0
0
0
0
0
0
0
0
0
0
0
0
0
0
0
0
0
0
0
0
0
0
4.44038733e-06
5.33499988e-05
4.26616753e-05
0
0
0
0
0
0
0
0
0
0
0
0
0
0
0
0
0
0
0
0
0
8.17100897e-07
0
0
0
0
0
0
0
0
0
0
0
0
0
0
0
0
0
0
2.90544961e-07
6.62384366e-07
0
0
0
2.72768148e-07
0
0
0
0
0
1.12886944e-09
0
0
0
0
0
0
0
0
0
0
0
0
0
0
0
1.17420518e-06
0
0
0
0
0
0
0
0
7.66962582e-09
0
0
0
0
0
0
0
0
0
0
0
0
0
0
0
0
0
0
0
0
0
0
0
0
0
0
0
0
0
0
0
0
0
0
0
0
0
0
1.53414385e-06
0
0
0
0
0
0
0
0
0
0
0
0
0
0
1.95029565e-06
0
0
0
0
0
0
0
0
3.73276407e-06
0
0
0
0
0
0
0
0
0
0
0
0
0
0
0
0
0
0
0
0
0
0
0
0
0
0
0
0
0
3.77752007e-09
8.69481154e-10
2.58076568e-07
3.20163309e-07
1.21035193e-09
1.5242938e-09
1.09344827e-08
2.00334071e-07
1.07892568e-07
7.66817443e-10
4.68320764e-07
9.43587652e-10
1.81921649e-07
0
0
0
0
0
0
0
0
0
0
0
0
0
0
0
0
0
0
0
0
0
0
0
0
0
0
0
0
0
0
0
0
0
0
0
0
0
2.73276797e-08
0
0
2.93542325e-05
8.77161983e-06
4.98473128e-07
4.94913138e-06
1.00843272e-05
9.89379259e-06
1.45795811e-05
0
6.85575242e-06
0
0
0
0
0
0
0
0
0
0
0
0
0
0
0
0
0
0
0
0
0
0
0
0
0
0
0
0
0
0
0
0
0
0
0
0
0
0
0
0
0
0
0
0
0
0
0
0
0
0
0
0
0
0
0
0
0
0
0
0
0
1.15907888e-07
0
0
0
0
1.47846447e-06
0
0
0
0
0
0
3.66357631e-06
3.6314371e-10
0
0
0
0
0
0
0
0
0
0
0
0
0
0
0
0
0
0
0
0
0
0
0
0
0
0
0
0
0
0
0
0
0
0
0
0
0
0
0
0
0
0
0
0
0
0
0
0
0
0
0
0
0
0
0
0
0
0
0
0
0
0
0
0
0
0
0
0
0
4.03348182e-08
0
4.73522368e-06
8.52237372e-06
0
6.52059811e-08
0
9.0091271e-06
3.89725346e-06
3.61682419e-06
0
0
0
2.02442138e-07
0
0
0
0
0
0
0
0
0
0
0
0
0
0
0
0
0
0
0
0
0
0
0
0
0
0
0
0
0
0
0
0
0
0
0
0
0
0
0
0
0
0
0
0
0
0
0
0
6.07882725e-07
0
0
0
0
0
0
0
0
0
0
0
0
0
0
6.8692766e-06
0
0
0
0
0
0
0
0
0
0
0
0
0
0
0
0.000213694613
0
0
0
0
0
0
0
0
0
0
0
0
0
0
0
0
0
0
0
0
0
0
0
9.06825953e-05
1.26788054e-05
0
0
0
4.74494254e-06
1.48071895e-05
6.7951845e-07
0
0
2.19936783e-06
0
0
0
0
0
6.37076982e-06
5.25433688e-06
7.61017418e-07
1.74912166e-05
1.08865913e-06
0
0
7.86723649e-06
5.54362487e-06
0
0
0
0
0
0
0
0
0
0
5.30598754e-07
1.04621304e-05
0
0
1.4814173e-08
1.51289123e-06
0
0
0
0
0
0
0
0
0
0
0
0
0
0
0
0
0
0
0
0
0
0
0
0
0
0
0
0
0
0
0
0
0
0
0
0
0
0
0
0
0
0
0
0
0
0
0
0
0
0
0
0
0
0
0
0
0
0
0
0
0
0
0
0
0
0
0
0
0
0
0
0
0
0
0
0
1.31780389e-05
6.44244483e-06
0
0
0
0
0
0
0
0
0
0
0
0
0
0
0
0
0
0
0
0
0
0
5.46695219e-06
1.08629422e-06
0
0
0
0
0
3.27067687e-06
0
3.03780371e-06
0
1.5490672e-05
0
6.39139262e-06
0
0
0
0
0
0
0
0
0
0
0
0
0
0
0
0
0
0
0
0
0
0
0
0
0
4.19285271e-07
0
0
0
0
0.000121328208
9.5448213e-06
0
5.16579917e-07
0
0
1.88306478e-06
8.48259697e-06
0
0
0
0
6.63694009e-05
0
0
0
0
0
0
0
0
0
0
0
0
0
0
0
0
0
0
0
0
0
0
0
0
0
0
0
0
0
0
0
0
0
0
0
0
1.99391093e-06
0
0
0
0
0
0
0
0
0
0
0
0
0
0
0
0
0
0
0
0
0
0
0
0
0
0
0
0
0
0
0
0
0
0
0
6.77693492e-07
0
0
0
0
0
0
0
0
0
0
0
0
0
0
0
0
0
0
0
0
0
0
0
0
0
0
0
0
0
0
0
0
0
0
0
0
0
0
0
0
0
0
0
0
3.03272718e-09
3.33568937e-06
0
0
4.8340155e-07
5.06889955e-06
1.66034749e-06
0
6.22357175e-06
2.4840715e-06
0
0
0
0
0
0
0
0
0
0
0
0
0
0
2.35369521e-06
0
0
0
0
0
0
0
0
0
0
0
0
0
0
0
0
0
0
0
0
0
0
0
0
0
0
0
0
0
0
0
0
0
0
0
0
0
0
0
0
0
0
0
0
0
0
0
0
0
0
0
0
0
0
0
0
0
0
0
0
0
0
0
0
0
0
0
0
0
0
0
0
0
0
0
0
0
0
0
0
0
0
0
0
0
0
0
0
0
0
0
0
1.03320565e-06
7.5691122e-07
7.12885573e-09
0
0
5.25448229e-07
0
0
5.02522653e-06
1.64617359e-06
0
0
0
0
0
0
0
0
0
0
0
0
0
0
0
0
0
0
0
0
0
0
0
0
0
0
0
0
0
0
2.49706591e-06
0
0
0
0
0
0
4.51624965e-06
4.959335e-06
4.96865027e-07
0
0
2.35117113e-05
0
0
2.04070584e-05
1.11217014e-05
0
3.22730534e-06
2.85512815e-05
0
0
0
0
0
0
0
0
0
0
0
0
0
0
0
0
0
0
0
0
0
0
0
0
0
0
0
0
0
0
0
0
0
0
0
0
0
0
0
0
4.48333867e-06
0
0
0
0
0
0
0
0
0
0
0
0
0
0
0
0
0
0
0
0
0
0
0
0
0
0
0
0
0
0
0
0
0
0
0
0
0
0
0
0
0
0
0
0
0
0
0
0
0
0
0
0
0
0
0
0
0
0
0
0
0
0
0
0
0
0
0
0
1.18021421e-06
7.76572563e-07
0
0
0
0
0
0
1.98083744e-05
5.32393733e-06
6.21568915e-06
0
0
0
0
0
0
0
0
0
0
0
0
0
0
0
0
0
0
0
0
0
0
0
0
0
0
0
9.55268551e-05
0.000493831816
0
0
0
0
6.99128068e-05
0.000119683813
0.000117319243
0
0
0
0
0
0
0
0
0
0
0
0
0
0
0
0
0
0
0
0
0
0
0
0
0
0
0
0
0
0
0
1.26005875e-06
0
0
0
0
0
0
0
1.21520179e-06
6.94193858e-08
0
0
4.32363922e-05
1.99095371e-06
1.35194268e-05
4.63946853e-05
0
1.36076706e-05
3.51823328e-05
1.71342472e-05
0
2.37523818e-06
2.21340397e-05
0
0
0
0
0
0
0
0
0
0
0
0
0
0
0
0
0
0
0
0
0
0
0
0
0
0
0
0
0
0
0
0
0
0
0
0
0
0
0
0
0
0
0
0
0
0
0
0
0
0
0
0
0
0
0
9.2100945e-06
3.05143726e-06
0
1.03912071e-05
2.65286735e-06
1.48530546e-06
2.20792913e-06
0
0
0
0
0
4.0877916e-05
0
0
3.55621864e-07
0
7.55441079e-07
1.90996207e-06
2.48304605e-06
0
0
0
0
0
0
2.3689634e-05
1.28815111e-06
0
2.72280317e-06
2.15463043e-08
0
0
2.3626144e-05
5.4502716e-06
0
0
0
0
0
8.29583826e-07
0
7.1944612e-08
0
0
0
0
1.79217932e-05
0
0
0
0
0
0
0
0
0
0
0
0
0
0
0
0
0
0
0
0
0
0
0
0
0
0
0
0
0
0
5.71689588e-06
7.85271823e-06
0
0
0
0
0
0
9.77524633e-06
0
1.50019764e-06
0
0
8.36244635e-06
0
0
1.58899984e-05
0
1.90913906e-05
5.4485954e-05
0
0
0
0
0
0
0
0
0
0
0
0
0
0
0
0
0
0
0
0
0
0
0
0
0
0
0
0
0
0
0
0
0
0
0
0
0
0
0
0
0
0
0
0
0
7.06854371e-06
0
0
0
4.87242596e-06
5.7782745e-07
0
0
0
1.30058461e-05
0
0
0
0
0
0
0
0
0
0
0
0
0
0
0
0
0
0
0
0
0
0
0
0
0
0
0
0
6.50566362e-05
0
0
0
0
7.03511773e-08
0
0
0
0
0
0
0
0
0
0
0
8.63775313e-06
1.34131653e-06
0
0
2.34044001e-05
8.64748017e-06
1.12918597e-05
0
0
0
0
0
0
0
0
0
0
0
0
0
0
0
0
0
0
0
0
0
0
0
0
0
0
0
0
0
0
0
0
0
0
0
0
0
0
0
0
0
0
0
0
0
0
0
0
9.36896161e-09
0
0
0
7.20455432e-07
0
2.19500009e-07
0
0
7.44530482e-08
0
0
0
0
0
0
0
0
0
0
2.4438466e-06
0
0
0
0
0
0
1.01153159e-06
0
0
0
0
0
0
0
0
0
0
0
0
0
0
0
0
0
0
0
0
0
0
0
0
0
0
0
0
2.92520554e-06
3.77150491e-06
0
0
0
0
0
0
0
0
0
0
0
0
0
0
0
0
0
0
0
0
1.43573934e-05
0
0
0
0
0
0
0
0
0
0
0
0
0
0
0
0
0
0
0
0
0
0
0
0
0
0
0
0
0
0
0
0
0
0
0
0
0
0
0
0
0
0
0
0
0
0
0
0
0
0
0
0
0
0
0
0
0
0
0
0
0
0
0
0
0
0
0
0
0
0
0
0
0
0
0
0
0
0
0
0
0
0
0
3.8649523e-06
0
0
0
0
0
0
0
0
0
0
0
0
0
0
0
0
0
0
0
0
0
0
0
0
0
0
0
0
0
0
0
0
0
0
0
0
0
0
0
0
0
0
0
0
0
0
0
0
0
0
0
0
0
0
0
0
0
3.42250542e-06
4.75342995e-06
0
0
0
1.25590489e-07
0
0
0
0
0
0
0
0
0
0
0
0
0
0
0
0
0
0
0
0
0
0
0
0
0
0
0
0
8.36901108e-06
0
2.26778511e-07
0
1.41535895e-06
0
1.30006856e-06
2.39344536e-06
0
0
0
0
0
0
0
0
0
0
0
0
0
0
0
0
0
0
0
0
0
0
0
3.3707488e-06
1.01745591e-05
0
0
0
0
1.57065915e-05
0
4.28907242e-06
2.42619672e-06
0
0
0
0
0
0
0
0
0
0
0
0
0
0
0
0
0
8.66785456e-07
0
0
0
0
0
0
0
0
0
0
0
0
0
0
0
0
0
0
0
0
0
0
0
0
0
0
0
0
0
0
0
4.77407993e-05
4.11278779e-05
1.22105348e-05
1.01891319e-05
1.67363942e-05
3.11605581e-05
3.08299641e-05
3.46298475e-05
1.28788806e-05
4.73676391e-06
0
0
0
0
0
8.3979794e-06
0
0
0
0
0
0
7.06018091e-06
3.10960568e-05
3.03947763e-06
9.07885806e-07
0
0
0
0
0
0
0
0
0
0
0
0
0
0
0
0
0
0
0
0
0
0
0
0
0
0
0
0
0
0
0
0
0
0
0
0
0
0
0
0
0
0
0
0
0
0
0
0
0
0
0
0
0
6.89427509e-07
1.26323278e-06
0
6.11304074e-08
0
0
0
8.0654452e-08
6.3176094e-07
9.87283101e-07
3.13066238e-07
5.24796519e-07
0
0
0
0
0
0
0
6.01163902e-06
0
0
0
0
0
1.699015e-06
0
0
0
0
0
0
0
0
0
0
0
0
3.57884937e-06
0
0
0
0
0
0
0
0
0
1.25198778e-06
0
0
0
0
0
0
0
0
0
0
0
0
0
0
0
0
0
0
0
0
0
0
0
0
0
0
0
0
0
0
0
0
0
0
0
0
0
0
0
0
0
0
0
0
0
0
0
0
0
0
0
0
0
0
0
0
0
0
0
0
0
0
0
0
0
0
0
0
0
0
0
0
0
0
0
0
0
0
0
0
0
0
3.95171355e-06
2.12138957e-06
0
0
0
0
0
0
0
0
0
0
0
0
0
4.37353663e-07
0
0
0
0
0
5.38805716e-06
0
1.26325776e-05
0
0
0
0
0
0
0
0
0
0
0
0
0
0
0
0
0
0
0
0
0
0
0
0
0
0
0
0
0
0
0
0
0
0
0
0
0
0
0
0
0
0
0
0
0
0
0
0
0
0
0
0
0
4.25968483e-06
0
0
5.81469166e-08
0
1.15708801e-07
8.11689986e-08
0
0
0
0
0
0
0
0
0
0
0
0
0
0
0
0
0
0
0
1.04749961e-05
3.80030942e-05
1.49759408e-05
1.83543e-06
0
0
0
0
0
0
0
0
0
0
0
0
0
0
0
0
0
0
0
0
0
2.11830153e-09
1.93611669e-08
4.54488344e-07
3.96412133e-06
1.39281349e-06
0
9.99346298e-07
6.49437368e-07
3.11781605e-06
7.33857905e-06
0
1.14728641e-06
7.66347888e-11
0
4.60212704e-07
0
6.62565697e-07
1.42916485e-06
2.99809949e-06
2.44319131e-06
0
0
0
0
0
0
0
0
0
0
0
0
0
0
0
0
0
0
0
0
0
0
0
0
0
0
0
0
0
0
0
0
0
0
0
0
2.44011687e-07
0
8.75594651e-06
1.11639756e-05
0
0
0
0
0
0
0
0
0
0
0
0
0
0
1.01434762e-05
0
3.31696879e-06
1.17942321e-07
0
0
0
0
0
0
0
0
0
0
0
0
0
0
0
0
0
0
0
0
0
0
0
0
0
0
0
0
0
0
0
0
0
0
0
0
0
0
0
0
0
5.99756595e-06
0
0
0
0
0
0
1.12807957e-05
2.64896735e-05
1.03744678e-05
0
0
0
0
0
0
0
0
0
0
0
0
0
0
0
0
0
0
0
0
0
0
0
0
0
0
0
0
0
0
0
0
0
0
0
0
0
0
0
0
2.86482674e-07
0
2.4321443e-07
7.7662645e-07
3.81323133e-07
0
0
0
0
0
0
4.75776432e-07
0
0
0
0
0
0
0
0
0
0
0
0
0
0
0
0
0
0
0
0
0
0
0
0
0
0
0
0
0
0
0
0
0
0
0
0
0
0
0
0
0
0
0
0
0
0
0
0
0
0
0
0
0
1.19026754e-05
0
0
0
0
0
0
0
0
0
0
0
0
0
0
0
0
0
0
0
2.08058442e-08
0
0
0
0
0
0
6.37396568e-07
0
0
1.85808096e-06
0
0
0
7.64209926e-06
0
0
0
1.51740562e-06
0
0
0
0
0
0
0
0
0
0
0
0
0
0
0
0
0
0
0
0
0
6.07794277e-07
4.7339816e-07
1.31055586e-07
0
0
0
0
0
0
0
0
0
0
0
0
0
0
0
0
0
0
0
0
0
0
0
0
0
0
0
0
0
7.37305527e-06
1.6747689e-06
0
6.9280685e-07
2.33707328e-06
0
0
0
0
0
0
0
0
0
0
0
0
0
0
0
0
0
0
0
0
0
0
0
0
0
0
0
0
0
0
0
0
0
0
0
0
0
0
0
0
0
0
0
0
0
0
0
0
0
0
0
0
0
0
0
0
0
0
0
0
0
0
0
0
0
0
0
0
0
0
0
0
0
0
0
0
0
0
0
0
0
0
0
0
0
0
0
0
0
0
0
0
0
0
0
0
0
0
0
0
0
0
0
0
0
0
0
0
0
0
0
0
0
8.16553722e-08
9.98297423e-07
0
0
0
0
0
0
6.38415395e-06
0
0
0
0
0
0
0
0
0
0
0
0
0
0
0
0
0
0
0
0
0
0
0
0
0
0
0
0
0
0
0
0
0
0
0
0
0
0
0
0
0
0
2.45537212e-05
2.03238178e-05
1.67886427e-07
0
0
0
8.89549057e-08
0
0
0
0
0
1.58693838e-05
0
0
0
2.1956771e-06
6.52322478e-06
6.76226546e-06
1.41921578e-06
4.43985027e-06
0
0
0
0
0
0
0
0
0
0
0
0
0
0
0
0
0
0
0
0
0
0
0
0
0
0
0
0
0
0
0
5.39593639e-05
4.96997636e-05
2.72740799e-05
5.37122169e-08
4.03923586e-05
2.54402894e-05
3.15940088e-05
0
3.81425598e-05
3.10349469e-06
0
0
0
0
0
0
0
0
0
0
0
0
0
0
0
9.32240164e-06
0
0
0
0
0
0
0
1.6265556e-05
0
0
0
0
0
0
0
0
0
0
0
0
0
0
0
0
0
0
0
0
0
0
0
0
0
0
0
0
0
0
0
0
0
0
0
0
0
0
0
0
0
0
0
0
0
0
0
0
0
0
0
0
0
0
0
0
0
0
0
0
0
1.72569289e-05
0
0
0
0
1.57664181e-05
0
0
0
0
0
0
0
0
0
0
0
0
0
0
0
0
0
0
0
0
0
0
0
0
0
0
0
0
0
0
0
0
0
0
0
0
0
0
0
0
0
0
0
0
0
0
0
0
0
0
9.21920855e-06
2.53107937e-05
0
0
0
0
0
0
0
0
0
0
0
0
0
0
0
0
0
0
0
0
0
0
0
0
0
0
0
0
0
0
0
0
0
0
0
0
0
0
0
0
1.90205128e-07
0
0
0
0
0
0
0
0
0
0
0
0
0
0
0
0
0
0
0
0
0
0
0
0
0
1.0003971e-09
0
0
0
0
0
0
0
0
0
0
0
0
0
0
0
0
0
0
0
0
0
0
0
0
0
0
0
5.23349229e-07
0
0
0
0
3.68219133e-07
0
0
1.52270303e-07
0
0
0
0
0
0
0
0
0
0
0
0
0
0
0
0
0
0
0
0
0
0
0
0
0
0
0
0
0
0
0
0
0
0
0
0
0
0
0
0
0
0
0
0
1.64097764e-06
0
0
0
0
0
1.17890693e-06
9.66980664e-08
2.19738422e-06
4.13161615e-06
3.2086394e-08
0
0
0
0
0
0
0
0
0
0
0
0
0
0
0
0
0
0
0
0
0
0
0
0
0
0
0
9.35266416e-06
1.2958219e-06
0
0
0
0
0
3.78000573e-06
2.19545109e-05
0
0
0
0
0
0
0
0
0
0
0
0
0
0
0
0
0
0
0
0
0
0
0
0
0
0
0
0
0
0
0
0
0
0
0
0
0
0
0
0
0
0
0
0
0
0
0
0
0
0
0
0
0
0
0
0
3.90409969e-06
1.98385237e-06
7.50113259e-07
6.92912238e-07
7.3904431e-07
9.37577511e-07
5.55777035e-07
1.80199606e-06
4.77713138e-06
2.20404877e-06
0
0
0
0
0
0
0
0
0
0
0
0
0
0
0
0
0
0
0
0
0
0
0
0
0
0
0
0
0
0
0
0
0
0
0
0
0
0
0
0
0
0
0
0
0
0
0
0
0
0
0
0
0
0
0
0
0
0
0
0
0
0
0
0
0
0
0
0
0
0
0
0
0
0
0
0
0
0
0
0
0
0
0
0
0
0
0
0
0
0
0
0
0
0
0
0
0
0
0
0
0
0
0
0
0
0
0
0
0
0
0
0
0
0
0
0
0
0
0
0
0
0
0
0
3.07178811e-06
1.15851888e-08
0
0
0
0
0
0
0
0
0
0
0
0
0
0
0
0
0
0
0
0
0
0
0
0
0
0
0
0
0
0
0
0
0
0
0
0
0
0
0
4.81249288e-07
0
0
0
0
0
0
0
0
0
0
0
0
0
0
0
0
1.3727456e-06
0
1.11217805e-05
0
0
0
0
0
0
0
0
0
0
0
0
0
0
0
4.26543738e-06
9.73620718e-06
8.18921671e-06
5.28756436e-06
1.43142861e-05
1.09401508e-05
1.64626508e-05
5.93728737e-06
0
0
0
0
0
9.23340338e-07
0
0
0
0
0
0
0
9.46407363e-06
2.7546846e-06
0
0
0
0
0
0
1.28773621e-07
0
0
0
0
0
0
0
0
0
0
0
0
0
0
0
0
0
0
0
0
1.98321027e-06
0
2.45003605e-07
1.65851793e-06
0
7.69783355e-07
1.36894482e-06
9.29247051e-07
9.76567271e-09
4.79244079e-07
0
4.52543372e-06
0
0
0
0
0
0
0
0
0
0
0
0
0
0
0
0
0
0
0
0
0
0
0
0
0
0
0
0
0
0
0
0
0
0
0
0
0
0
0
8.4634803e-07
0
1.47549224e-06
3.01739601e-06
2.53187886e-06
0
9.75884859e-07
2.06080381e-06
0
3.48900926e-07
5.40563633e-07
2.86939212e-06
1.06059324e-05
0
0
0
0
0
0
0
0
0
0
0
0
0
0
0
0
0
0
0
0
0
0
0
0
0
0
0
0
2.82031851e-06
2.59426042e-06
1.96866878e-07
1.48775098e-06
4.60857947e-08
0
3.68034961e-07
0
0
1.47911142e-05
2.30297883e-06
0
0
1.84047806e-07
0
7.27601313e-09
0
3.25539008e-06
1.36317237e-06
1.12835671e-07
0
0
0
0
0
0
0
0
0
0
0
0
0
0
0
0
0
0
0
0
0
0
0
0
0
0
0
0
0
0
0
0
0
0
0
0
0
0
0
0
0
0
0
0
0
0
0
0
0
0
0
0
0
0
0
0
0
0
0
0
0
0
0
0
0
0
0
0
0
0
0
0
0
0
9.02717602e-06
1.23786904e-05
1.95518874e-06
3.27984026e-06
0
0
0
0
0
0
0
0
0
0
0
0
0
0
0
0
0
0
6.32270485e-07
0
0
0
5.36708376e-06
0
1.10724926e-07
1.19374663e-05
0
1.12768612e-05
8.86846351e-07
0
0
0
0
0
0
0
0
0
0
0
0
0
0
0
0
0
0
0
0
0
0
0
0
0
0
0
0
0
0
0
0
0
0
0
0
0
0
0
0
0
0
0
0
0
0
0
0
0
0
0
0
0
0
0
0
0
0
0
0
0
0
0
0
0
0
0
0
0
0
0
0
0
0
0
0
0
0
0
0
0
0
4.11545898e-06
6.20052163e-07
0
4.87982632e-08
0
0
1.76910964e-06
7.13148256e-06
4.26080351e-06
0
7.68263271e-06
0
0
0
0
0
0
0
0
0
0
2.67915038e-06
0
0
0
0
0
0
0
0
0
0
0
0
0
0
0
0
0
0
0
0
0
0
4.70477026e-08
0
0
0
0
0
0
0
0
0
0
0
0
0
0
0
0
0
3.86272546e-07
0
2.04150729e-06
2.0400837e-06
8.9663763e-07
9.62302352e-07
0
0
3.38295763e-07
8.26299311e-06
3.07075697e-06
5.25322184e-06
0
0
0
0
0
0
0
0
0
0
0
0
0
0
0
0
0
0
0
0
0
0
0
0
0
0
0
0
0
0
0
0
0
0
0
0
0
0
0
0
0
0
0
0
0
0
0
0
0
0
0
0
0
0
0
3.78787888e-07
3.44805744e-06
4.58215982e-06
0
0
3.75506465e-06
5.90555783e-06
9.53443333e-08
0
0
4.59941748e-06
0
2.09502996e-05
0
0
0
3.56306941e-06
1.46224502e-05
2.02557512e-05
2.36312699e-05
0
0
0
0
0
0
0
0
0
0
0
0
0
0
0
0
0
0
1.26092587e-07
2.55245595e-07
4.76204519e-07
4.43325325e-06
0
0
0
4.4228446e-07
2.92646564e-06
3.84000941e-06
0
2.78826269e-06
0
0
0
0
0
0
0
0
0
1.32113342e-07
0
0.000108757085
0.000325623318
2.32252478e-05
0
0
0
0
0
0
0
0
0
0
0
0
0
0
0
0
0
0
0
0
0
0
0
0
0
0
0
0
0
0
0
0
0
0
0
0
0
0
0
0
0
0
0
0
0
0
0
1.44737422e-08
0
0
0
0
0
0
0
0
0
0
0
0
3.19011662e-07
0
0
0
0
0
0
0
0
0
0
0
0
0
0
0
0
0
0
0
0
0
0
0
0
0
0
0
0
0
0
0
0
0
0
0
0
0
0
0
0
0
0
0
0
0
0
0
0
0
0
0
3.66103382e-06
0
0
0
0
0
0
0
0
0
0
0
0
0
0
0
0
0
0
0
0
0
0
0
0
0
0
0
0
0
0
9.28201734e-06
1.26675586e-05
2.196781e-06
6.8978984e-06
1.08726172e-05
1.6259396e-06
5.66345082e-10
1.64739831e-05
1.29101709e-05
5.62723517e-06
2.76737887e-06
1.26758425e-06
0
0
0
0
0
0
0
7.82235077e-08
0
0
0
0
0
0
0
0
0
0
0
0
0
0
0
0
0
0
0
0
0
0
0
0
0
0
0
0
0
0
0
0
0
0
0
0
0
0
0
0
0
0
0
0
0
0
0
0
0
0
0
0
0
0
0
0
0
0
5.35866184e-06
7.32175067e-06
0
0
0
0
2.09941118e-06
0
0
0
0
0
0
7.10444647e-06
0
1.2594827e-06
0
0
4.3566061e-07
4.38506049e-07
0
1.35252312e-05
0
0
0
0
0
0
0
0
0
0
0
0
0
0
0
0
1.66444897e-05
0
0
0
3.81581913e-06
0
0
0
0
0
0
0
0
0
0
0
0
0
0
0
0
0
0
0
0
0
0
0
0
0
0
0
0
0
0
0
0
0
0
0
3.29736764e-07
0
0
0
0
0
0
0
0
0
0
0
0
0
0
0
0
0
0
0
0
0
0
0
0
0
0
0
0
0
0
0
0
0
0
0
0
0
0
0
0
0
0
1.10689246e-06
0
0
8.43863108e-06
2.57743682e-06
1.28767306e-05
0
0
0
0
0
0
0
0
0
0
0
0
0
0
0
0
0
0
0
0
0
0
0
0
0
0
0
0
0
0
0
0
0
0
0
0
0
1.44854166e-05
7.11447956e-06
6.31697867e-06
0
0
0
0
0
0
0
0
0
0
0
0
0
0
0
1.93274355e-11
6.91683447e-11
0
5.93484983e-10
1.94882326e-12
0
5.60124001e-08
0
0
0
0
5.07338928e-11
0
8.65244238e-06
1.76122967e-07
0
2.91393844e-05
0
0
1.61018374e-06
0
4.9135474e-06
0
0
1.70086901e-06
0
0
0.000124625047
0
0
0
0
0
0
4.11185501e-05
7.30575266e-05
8.66421306e-06
0
0
0
5.35309664e-05
0
7.14551206e-05
0
0
0
3.60520462e-05
1.89639759e-05
0.000109735804
7.59976001e-06
0
0
0
0
2.53513235e-07
0
1.35718155e-05
0
0
0
0
0
0
0
0
0
0
0
0
0
0
0
0
0
0
0
0
0
0
0
0
0
0
0
0
0
0
0
0
0
0
0
0
0
0
0
0
0
0
0
0
0
0
0
0
0
0
0
0
0
0
0
0
0
0
0
0
0
0
0
0
0
0
0
0
0
0
0
0
0
0
0
0
0
0
0
0
0
0
0
0
0
0
0
0
0
0
0
0
0
0
0
0
0
0
0
0
0
0
0
0
0
1.71944487e-06
3.65088613e-06
2.39825886e-06
0
0
1.59135914e-06
0
0
0
0
0
0
0
0
0
0
3.11109648e-06
4.6822779e-06
0
0
0
0
0
0
0
0
0
0
0
0
0
0
0
0
0
0
0
0
0
0
5.03864612e-07
0
0
0
0
0
0
0
0
0
0
0
0
0
0
1.12608041e-06
0
0
0
0
0
0
0
0
0
0
0
0
0
4.41728807e-05
0
0
0
0
0
0
0
0
0
0
0
0
0
0
0
0
0
0
0
0
0
0
0
0
0
0
0
0.000107240914
8.37896223e-05
0.000246928306
0.00026714502
0.000330889656
0.000332105352
0.000163741832
0.000274030172
0.00027722583
5.24572679e-05
3.7405156e-05
0
0
3.4272085e-05
0
0
0.000124023602
0
0
0
0
0
0
3.11272925e-05
4.32572591e-07
0
0
0
0
0
0
0
0
0
0
0
0
0
0
0
0
0
0
2.82628571e-06
0
0
0
5.25897622e-06
0
7.17072908e-06
1.77834892e-07
1.61718199e-05
0
0
0
0
0
1.21937728e-06
0
1.0673549e-06
1.99143938e-06
2.81870371e-06
3.41117982e-07
7.92558055e-08
0
0
0
0
3.83889346e-06
0
2.20302113e-07
0
0
0
7.06543642e-06
6.16323223e-06
1.43029256e-05
0
0
0
0
0
0
0
0
0
0
0
0
0
0
0
0
0
0
0
0
0
0
0
0
0
0
0
8.67138715e-06
0
0
0
3.35461209e-06
0
3.72823941e-08
1.46863226e-06
2.53470375e-06
0
0
0
0
0
0
0
0
0
0
0
0
0
0
0
0
0
