1.40169692
1.36406803
3.50956869
3.59922481
1.04386318
0.928418159
0.35264191
0.372971654
6.65626812
6.63992691
0.577417791
0.499082297
0.256704241
2.98099327
2.9768343
3.15726256
3.11616421
1.99779284
1.89688599
2.87425971
2.85668564
2.06075525
1.82291603
2.29189777
2.28418756
2.20342827
3.21905112
3.13459396
2.32567453
2.35464764
0.861388981
0.845022678
1.49459577
1.43538523
1.15197206
1.25521708
1.14493096
1.18846512
1.91563463
9.03367043
8.99734974
10.548522
10.1981049
5.60584545
5.82425499
4.26568127
4.01666689
6.41428232
6.42343616
8.07413864
8.22108841
4.90571213
9.07322311
8.95288277
9.40575409
9.4148674
7.91777897
7.9648962
9.24319744
9.17365646
10.1048174
10.3017473
11.7983074
12.3577271
16.9572105
0.0268490259
0
2.63168359
2.39158678
0.442032993
0.439221323
0.930858374
0.957353055
0.842898965
0.829967797
0.471035868
0.480031788
0.737881184
7.35238171
7.52363539
11.3429413
11.2869387
7.83187103
7.99809647
7.15199041
6.87713289
11.4777699
11.4981556
10.3208933
9.93037605
7.26274967
3.18550539
3.34839487
2.87148857
2.83365059
0.000171697524
0
0.544641137
0.591889977
0.578355491
0.69586122
2.23697686
1.74486184
1.98860991
4.29323053
4.21175003
7.502841
7.49080181
7.60979176
7.60651827
7.66898775
7.48872185
4.37820959
3.99278259
1.20352614
1.50330138
2.18518162
3.22563434
3.2002418
0.0984947383
0.0351487584
1.16721797
1.16385221
0.647676587
0.640343308
0
0.0893473774
6.1707859
6.26083755
4.78935909
0.271929979
0.225217804
1.79380679
1.78373909
1.00609291
0.98115623
1.79334295
1.73128068
1.8053844
1.81663918
2.07699513
2.04916239
3.08631802
5.35440636
5.18841743
0.669589996
0.626260817
0.899102509
0.925097227
2.78134108
2.73253107
1.54662013
1.3430438
2.09437799
2.29284644
1.63741159
9.46868801
9.37504482
6.06965065
6.12991047
6.81216717
7.02779055
4.55193138
4.47938776
6.71099091
6.33438396
6.85805321
7.07470226
5.67157555
0.43102318
0.527311146
5.74874783
5.76540756
3.26534653
3.29144049
4.03140116
4.111588
1.3209585
1.30459046
2.50162411
2.35285759
0.0871886164
0.0100696012
8.94566983e-06
0.490850449
0.489117831
0.45784688
0.427310914
0.308060646
0.294540226
0.0665586442
0.0580490679
0.0302793477
0.0432674401
0.765777647
13.0323238
13.2019262
17.8580189
17.7713165
20.4616833
20.5392876
17.7048836
17.6366653
15.9790878
15.7142658
13.8776293
13.7372332
9.44575882
10.7771282
10.4052162
5.39332867
5.44000244
6.05955172
6.00548553
7.19318581
7.16036797
3.1120491
3.20907354
4.75153637
4.53372908
7.38388157
11.2623777
11.3423519
22.0531845
22.1613026
14.0841846
14.0514488
13.2849522
13.1666718
7.68190861
7.28246069
8.83505249
8.70174217
9.10745907
3.09686375
3.13094282
5.06921577
4.68990564
5.62407017
5.62045527
5.67282009
5.7662487
7.73230839
7.76189327
8.28882599
8.33937454
8.25688648
4.28851604
4.31998301
4.85451508
4.85342455
5.80395842
5.7788496
3.09517479
3.11511207
0.856408954
0.81381166
1.04489553
1.09489942
1.03866982
5.70494747
5.46870852
6.93387699
7.6504221
6.95430756
7.15801001
11.065877
11.0010672
4.36318684
4.5223074
7.11894035
7.05769157
3.07523322
12.549366
12.6557398
16.0259781
16.2496662
19.8822041
19.5555954
11.3021889
11.2019958
10.4354572
10.6742687
7.77676201
7.32802773
8.82405472
4.21274376
4.14558744
4.48154926
4.66962624
2.55479336
2.45692348
3.77027893
3.72778964
3.07691097
3.11930275
3.24549961
3.24636269
3.6353693
3.06930399
3.29963779
3.53939271
3.38855052
2.46772456
2.53400254
2.04209852
2.06620383
3.14592767
2.95950007
0.185290352
0.257439911
1.61360705
12.8846788
12.8840294
10.8611259
10.7702427
9.3963089
9.64524269
8.74267483
8.95659161
5.98225975
5.85082102
3.65652037
3.87268877
1.94322491
8.68112183
8.69709206
11.6406631
11.8111181
11.1763678
11.2450714
7.01604271
6.9307766
6.6374073
6.36239052
6.70790482
6.86903286
5.3107338
4.06255007
4.07569075
4.02598715
4.03191948
5.12204933
4.99398184
2.93234468
2.9833374
8.54170513
8.49477577
5.29698563
5.21503735
3.93158746
4.4790926
4.4470191
2.50275755
2.61538792
1.69810128
1.73105896
2.77185655
2.88708544
0.827927589
0.893750548
0.363569111
0.608051062
2.15512872
1.92073417
1.99704552
1.3113327
1.30727232
2.11441469
2.04605269
0.846525729
0.855176806
0.0110559408
0
1.58455122
1.27847815
0.000268068892
2.7157681
2.6852715
2.73155284
2.72265315
0.628348172
0.632086158
1.17387712
1.1600244
0.143830344
0.237891316
0.000107512853
0.000183839016
0
0.314945281
0.307750374
0.301457912
0.308681756
0.877508342
0.898115993
1.56471753
1.60913146
1.24291921
0.794693828
2.16197872
2.4071629
2.66269469
1.8491416
2.21186924
0.53948307
0.496549428
1.65427947
1.58680749
2.56028938
2.48785591
1.31039822
1.34506643
1.33059919
1.32969069
0.569228351
11.0832825
11.1863642
8.05908298
7.96192169
10.7280922
10.3783998
3.49290776
3.67298841
10.0135908
9.99941254
11.1527882
10.9528437
14.4635639
3.70864773
3.61499977
3.63985586
3.61878777
3.21784997
3.25066996
1.33617377
1.3109479
1.06271446
0.959856331
1.54416776
1.55771685
3.70328903
5.43600178
5.76576948
0.619064569
0.632157803
1.60103989
1.52712202
4.3242116
4.41566944
2.11010647
2.01400638
1.19074929
1.14345586
0.717666864
4.13362932
3.95774627
3.14147115
3.06615591
2.53653359
2.55854702
2.10308909
2.12786102
2.9291544
2.95260048
1.8190217
1.96346533
4.83957195
3.03597069
3.04033351
7.11736441
7.02816582
2.00697041
1.98860312
3.0599823
3.2069912
1.34614038
1.17792773
3.88023353
3.88286757
0.0903361216
3.51701331
3.50195646
3.42308092
3.47487187
2.33328271
2.45953608
2.40742159
2.40223122
1.41529346
1.55155587
2.13343883
2.06172991
2.01741195
1.15986228
1.20041192
0.575823545
0.587715983
5.71876287
5.67813921
9.11590958
8.63409042
1.44303715
1.39717507
1.80844915
1.89284313
3.28276253
4.47080421
4.42180204
7.06714201
7.11320686
6.92045546
7.00180912
7.23459578
7.25402021
5.50742054
5.63814783
5.7998457
5.84572268
6.01250458
3.96004581
3.97197413
3.07669497
3.10846663
5.05283022
4.93199444
2.73695683
2.76612949
8.4137764
8.18510818
3.95386934
3.98106766
4.81167889
2.11362386
2.12752581
2.23062921
2.17130685
3.4382391
3.65285373
1.81229413
1.87182391
5.40168285
5.31099367
2.10349917
2.12572098
1.60226047
0.442082703
0.458592921
3.20962644
3.30244446
2.04666829
1.9685564
0.824482679
0.915592551
2.20352459
2.34856462
0
0
0.0457069091
5.25505638
5.22189903
11.0244846
11.0140686
13.3224401
13.419343
11.930254
11.9299049
15.4061871
15.1015024
12.359169
12.372468
13.6713467
17.6797886
17.4223766
13.418726
13.379365
8.90260696
8.57039165
11.1446953
11.0375996
3.76696825
3.36218596
3.97306705
3.95595312
4.6934762
1.04960036
1.04364073
0.693745017
0.789435387
0.617036164
0.613966405
0.928991497
0.832983971
3.58499527
3.5927031
2.91362619
2.88695836
2.40192795
0.352965266
0.373087138
0.267523021
0.261684448
1.09073555
1.36997592
1.81231046
1.53632593
2.13558793
2.17720151
0.0594494976
0.104147986
0.228359163
3.04287672
2.98274851
6.73275852
6.7827692
10.5862236
10.6227198
9.8521843
9.79311275
8.16746902
8.19670105
8.4972477
8.69163513
5.22069931
0.736073375
0.853462219
4.42790842
4.55703878
5.25736666
5.04863501
1.51471031
1.57430196
3.60185671
4.22752762
0.328167081
0.310226321
1.30752218
3.06839752
2.87995219
0.915743589
0.923790336
4.77125454
4.9052825
5.52932835
5.46388531
4.53142834
4.43773508
2.860811
2.91777444
2.24096608
2.72657728
2.5816431
0.980219841
1.08030188
3.47506475
3.37191534
2.18673182
2.10116649
1.63271666
1.57130218
1.37531638
1.46270168
1.26387
2.44421577
2.23656273
2.36721134
2.48500347
2.21089792
2.19165158
2.23069978
2.12320876
1.97945762
2.0211494
2.2270422
2.33366346
2.1181016
8.76117897
8.78601933
10.019062
9.9146452
10.1461315
10.1814308
9.68121719
9.80922318
7.34406042
7.45390129
7.35344648
7.34746599
7.00692892
1.42902112
1.48861003
4.407969
4.48567915
5.58372402
5.54731083
4.04374838
4.25816345
1.79246473
1.90964198
7.12911892
7.46475172
6.56610012
2.41883278
2.50184536
2.43138933
2.46761608
5.68667221
5.68815041
8.67421341
8.61023235
0.951766133
0.793048501
0.541092157
0.707807779
2.19608593
2.26661062
2.29794073
1.3108511
1.26229441
8.24014664
8.11106491
16.1983337
16.3095207
7.10022068
6.90053177
11.8281727
11.2126455
4.96475315
3.8288188
3.87312031
1.33997202
1.30119693
1.3613472
1.3297224
2.89935946
3.04282403
0.622490525
0.801624894
1.53468895
1.22935903
1.5750314
0.000848449534
0.000751135929
0.000104468447
0.000143696467
0.00022041348
0.000247124612
0.131760836
0.134070829
0.000423898455
3.17547747e-05
0
0
0
1.58964872
1.60212076
0.765906334
0.730409384
0.916060269
0.99339807
1.3462894
1.42322874
2.76090765
2.57312226
1.36928058
1.38114619
0.994248271
2.18738532
2.16581392
1.5625298
1.6008724
2.27543378
2.26690054
2.73409963
2.78544283
2.95060349
2.88910794
3.88936543
4.08309793
3.58959508
7.79493237
7.9984169
11.1953907
11.1074572
1.6627059
1.6699363
6.58691406
6.35141277
6.80388117
6.73531055
3.8877337
3.66046953
1.84044003
5.75210714
5.63410664
5.28471136
5.00217056
8.75786209
8.65033054
0.326400042
0.371273577
2.17519546
2.52697968
4.10849762
4.21720028
6.98274279
1.04234421
1.1580373
4.65239143
4.63582563
1.06452465
1.06798005
1.41062808
1.4167273
0.476485759
0.519774973
0.000245245872
0.000454068242
1.17078388
2.38390493
2.38631082
0.870955348
0.939522326
3.58872223
3.6045742
4.92797756
4.85855103
1.32086074
1.18431187
1.54894888
1.60403013
0.437907785
13.9332294
13.9010916
9.16450882
9.08341599
9.67152023
9.72214222
8.31770229
8.43855286
17.1045952
17.1869431
13.3637991
13.5936804
15.7972221
9.06545639
8.98518944
7.30513954
7.08357048
6.17921257
6.26304388
9.83425331
9.90466309
15.8063421
16.1523056
13.4719753
13.4745741
13.7942181
6.38206959
6.40096092
9.1398201
9.2117033
8.21420097
8.00955582
8.81474113
8.78216171
9.16482639
9.24440575
12.7311087
12.6524315
13.6409636
7.79953575
7.82370996
0.782793999
0.875800788
5.08647585
4.7908392
8.2672596
8.31521034
3.13346529
3.12829566
10.4612732
10.5667295
3.40955591
1.78105748
1.69586718
9.51553154
9.62511349
1.90153873
1.78179777
5.24611759
5.13659668
4.52651358
4.84306574
4.55221128
4.24314404
1.06263971
1.03961658
1.10832977
0.22781305
0.19660154
1.01206124
1.06661785
1.2577107
1.13424277
1.26511526
1.29858112
0.401776582
0.491958976
0.0757834613
10.1190701
10.1290302
6.41104412
6.42173624
7.08864021
6.91866684
6.07378864
5.96472979
5.94301176
5.87123537
5.25174665
5.26844025
6.42802048
5.00503969
5.04413462
4.06296062
4.06220865
3.28429937
3.33181787
3.56539488
3.54723597
4.18015432
4.10085869
4.7884407
4.76539898
4.69054222
23.453083
23.4122772
9.0684824
8.97973633
11.4387827
11.4439487
10.8162661
11.0389166
16.380043
16.5841942
21.585331
21.8397846
25.6180592
3.31918359
3.24288273
1.9474225
1.99642694
1.38591015
1.43130493
1.99564075
2.03686213
3.94990969
3.84926701
2.87991929
2.83163166
2.65469337
3.30344129
3.3004899
5.99539423
5.85155821
2.79730463
2.58727479
2.79384089
2.81202412
4.81483316
4.37507629
4.69246101
4.68862009
3.23348331
5.01621819
5.00456047
2.32691193
2.17101789
2.28132772
2.45008707
2.44885921
2.4130621
3.16023302
3.03857803
3.36304045
3.41232371
8.79683685
15.0150547
15.0043058
33.6539688
33.4115944
26.6995411
26.8517265
22.313221
22.1604538
16.4923325
16.6958313
9.13967705
8.82854557
10.2317982
3.47393227
3.3333118
3.12443066
3.14475155
4.54567146
4.39765358
4.09906673
4.05912399
4.48530483
4.452384
5.17834044
5.3442111
6.61808395
1.84819424
1.9359051
0.612573981
0.553745151
0.000401079713
0.000129196153
0.000324902911
0.000384627027
1.112396
0.819241643
4.0389185
4.12490225
3.42907929
1.57358432
1.60255218
1.02722239
0.961868286
1.82746363
1.63828015
0.959806323
1.11965978
1.13222611
1.04950726
1.66160512
1.74491715
0.749260545
7.95294714
7.79925919
3.59710026
3.59119916
4.18065596
4.19842911
5.23008347
5.25665998
5.41938257
5.26403141
3.13093615
3.10241365
3.30121231
0.315834671
0.321515739
1.94830883
2.29144335
6.71429682
6.71549034
12.1455402
12.4954462
6.74371958
6.6043663
7.5806284
7.49172306
4.33248329
0.9853037
0.955965102
2.10433984
2.37452745
0.561569631
0.55886364
0.844035625
0.886245728
1.7625612
1.70103323
1.77143359
1.78614974
1.65281796
5.91917992
5.68085003
8.8078661
8.70362091
8.93436909
9.06568146
8.31908131
8.59155273
11.7793589
11.4624729
3.10581756
3.31509495
4.40870714
10.4987078
10.3819542
1.4662466
1.43098485
1.65975404
1.70552659
1.18510914
1.16292834
2.2735064
2.40521216
1.16839159
1.10718536
1.10824966
0.448826939
0.478028327
1.55956423
1.42243171
1.14567554
1.1884501
2.22759175
2.20609641
1.95612442
1.81214046
0.477947593
0.504166365
0.22969456
3.18663788
3.24033976
5.28965425
5.10823917
3.92930937
4.11322498
2.61929584
2.62954521
2.10821462
1.99994671
2.96660352
3.00454807
2.56480479
3.77087879
3.85930586
3.07348776
2.95801067
1.57030571
1.60059798
1.09942031
1.02821469
1.1311245
1.16691017
1.00806189
0.992570162
2.28606176
3.30692649
3.32932281
5.29137468
5.22160482
4.64936686
4.70758104
5.18862629
5.14329576
3.00613427
2.87596679
2.48877549
2.58838773
2.28250623
2.19405222
2.15044832
3.62106895
3.55614328
1.33782899
1.39824247
1.7846086
1.57774878
1.17689002
1.32447767
0.767913878
0.907099605
0.151007175
3.3053112
3.38212967
3.7100873
3.81156087
2.41823888
2.62127447
0.423254758
0.379066795
6.72988796
6.95146608
11.7887478
11.9298401
12.393465
2.55893087
2.72028494
0.30591014
0.276062399
9.80539513
9.67777443
5.14040041
5.35541296
6.11880016
5.99864674
7.53806782
7.84720707
6.56188011
3.92888498
3.94912791
5.76437616
5.65193987
3.40316439
3.20317364
2.94386435
2.95210981
1.24441373
1.17208683
1.53081465
1.49766183
1.90794373
3.94920444
3.64648914
5.47374058
5.80280733
6.22995377
6.18193531
3.32995653
3.1827662
6.01745892
6.0916996
5.01750374
5.16908216
3.99401855
1.98532009
1.89591503
3.00492859
2.82708836
5.8627305
5.80648613
5.96706343
6.15376663
2.93769026
3.07948732
8.65031528
8.82122993
10.7145805
0.0498736538
0.0463438928
0.621534884
0.581244111
0.422098964
0.466113776
0.59765327
0.580281317
0.684404194
0.703790128
0
0
1.63743985
1.4765985
1.57374644
7.13639212
7.12869644
7.09298563
7.22365713
4.48942137
4.52646494
13.6421127
13.7746696
7.15832424
6.9706459
5.75450945
4.63765574
4.3410573
0.872646451
0.833962321
1.25193036
1.21161795
0.490106046
1.04075027
3.3606317
3.48265934
0.897206903
1.26446724
0.488619924
2.37245131
2.02666783
0.0230036024
0.142810538
0.303298295
0.319709063
0.263521552
0.270985395
0
6.35054603e-05
7.05714701e-05
0.0187247358
0
6.82198191
6.76961136
1.10863125
1.16954899
4.360219
4.25361156
5.712183
5.84237766
0.428036064
0.425749123
1.01482046
0.875718832
0.683938265
2.75290775
2.59952497
1.31244814
1.11181581
2.16741896
2.23379159
1.66249239
1.57096815
3.34659648
3.88515472
2.12138176
2.36039591
1.56139469
1.67463875
1.59455669
3.21770263
3.25252604
1.64648342
1.66984081
1.79234934
1.722965
4.00913596e-05
0
0.0829985589
0.0912940055
1.63438141
0.194616288
0.268618822
3.96430802
3.85560966
1.3359499
1.31527209
0.000121300312
5.88351977e-05
0.102014616
0.15773344
1.37689328
1.35079169
2.36662507
4.6989994
4.77337885
0.179721653
0.245835751
3.42181349
3.37003326
2.6506753
2.58072615
1.28050876
1.35778987
1.75734735
1.77972746
3.21529436
15.018095
15.1374912
15.9404316
16.0787563
17.3085403
17.2595997
18.8383141
18.9028435
21.5713425
21.4009609
17.1100216
17.055851
17.1752148
1.78553033
1.71350992
1.9316324
1.77806771
0.448613703
0.392016947
0.869493902
0.852765918
0.541396022
0.556521058
5.87764692
6.02233982
6.34523058
11.8037481
11.8267584
2.56211042
2.44802094
1.64872885
1.65778637
0.419852495
0.40660429
2.89017963
3.02019501
1.25403833
1.14623642
2.09968615
2.19922066
2.11687446
2.75874877
2.82839704
2.93666601
3.00695229
2.77937269
2.79116535
1.75776851
1.80976224
1.45796788
1.55997574
1.35812449
5.50289249
5.51328754
6.78512383
6.8738327
11.5317345
11.143878
14.7519646
14.8156509
5.00184441
5.16523647
7.23675823
7.19005632
5.09351254
2.2135458
2.21382141
0.85847193
0.909192801
3.29885626
3.29908752
3.51404762
3.32602787
3.17157555
3.27429152
2.73959398
2.63327599
1.71633542
6.99878073
7.04207039
10.8465729
10.6543608
9.72943592
9.98057556
11.2843943
11.2886534
10.5981312
10.5704384
5.64729643
5.60775232
3.71294498
4.2961092
4.31817961
3.143893
3.10198665
4.06430244
4.0916748
4.4087491
4.47809553
3.27967072
3.14621949
1.4690944
1.46395445
1.98794985
1.55276394
1.49036074
14.7239742
14.4026756
0.928068995
0.921067595
3.6661706
2.81182384
3.74074483
4.13947535
0.216774285
0.24506031
0.612912714
4.99109602
4.86137199
3.16023207
3.04768252
7.1049757
6.91032457
7.866436
7.87357283
6.33314323
6.31030416
3.58275652
3.38115859
4.08152246
6.67289591
6.50035572
11.6009769
12.1664639
11.0164223
11.1770306
20.001564
20.0780563
17.5380306
17.4904003
12.2838478
12.2000866
10.3334799
7.54607391
7.46243477
4.6238699
4.70398331
3.20312786
3.29446697
8.01989841
8.00110245
4.91073275
4.79798985
3.03669453
3.02476501
2.11034203
14.5674677
14.7377367
9.02898312
8.89620495
12.9821453
12.8702288
7.72562027
7.71806431
10.2173853
9.81097126
7.2719779
7.28373241
9.65913963
11.5805416
11.6087456
3.63961411
3.60413766
4.2997694
4.22332668
2.84023213
2.8776927
3.15107369
2.9643991
3.68961191
3.7447567
5.3393259
4.99340582
5.03538895
4.05572891
3.99806118
3.96544719
3.95193172
4.37099838
4.31914806
2.90161276
2.9117558
2.03818321
2.00012088
0.87048465
6.87870836
7.00297308
8.18943977
8.26197052
7.37247038
7.55974293
7.48073769
7.58076
19.4332523
19.5371513
16.1139908
16.3454056
19.7609921
5.26717186
5.40970993
8.49667931
8.40063095
3.20200634
3.21351385
2.76222658
2.76576686
6.9076519
6.89739799
6.3405652
6.27075911
11.8783035
8.81385994
8.9297142
9.82565594
9.70359993
9.48944855
9.53430176
4.33024979
4.37390423
3.71996188
3.87847376
5.81696749
5.78849888
5.78202057
4.47834873
4.33312225
4.28392363
4.57689667
4.81341267
4.82539368
4.09608221
3.97509265
4.07426643
4.48484325
4.27182817
4.25078773
2.31087208
1.14782369
1.18407559
7.70070171
8.01550102
2.61561847
2.65680122
6.85859156
6.99486065
6.48030567
7.42342949
7.31456947
7.22538805
3.68307686
0
0
3.42596006
3.33480978
5.97674131
5.89770317
0
0
3.026788
3.20045781
5.1144433
5.2097435
7.09708118
12.3294058
12.4738359
13.5786686
13.6447182
12.2901649
12.2141037
12.1145592
12.3219376
7.47115326
7.37335157
9.5736866
9.74418354
11.6775017
2.32036924
2.29065323
2.68352747
2.66588545
1.50566459
1.4929769
1.07698417
1.09377384
1.03091466
0.976207376
0.762717307
0.752258718
0.885101795
4.13088703
4.06597662
3.69004297
3.65204716
2.8493073
2.85810804
4.69574404
4.52608538
1.25648808
1.31627798
2.1184504
2.31995511
2.25351453
9.74477959
9.7324295
12.3295736
12.3922281
7.88437748
7.73500776
10.3592319
10.358532
6.91971302
6.97054148
10.0042686
9.61360455
7.68037415
28.1921692
28.4677963
38.666626
38.6770744
42.73769
42.9522934
44.6224403
44.6149178
31.9587402
31.6376534
28.3770866
28.149868
24.8741455
2.61649275
2.79745483
0.617853224
0.612696528
0.0843419135
0.0825017542
1.2994386
1.35278726
2.13788033
2.28014231
1.98863888
1.84237921
2.56594133
6.55130386
6.48858118
4.24563408
4.07890224
2.88828588
2.7400527
7.3351965
7.48629761
3.91682935
4.18307734
3.34006834
3.46467566
3.42495871
7.89163208
7.90182304
9.07480335
8.63380146
6.50579548
6.49066353
3.10126948
3.04583955
6.89062071
7.30908537
5.93054771
5.95348644
9.17048264
1.95950198
1.85270619
3.02455807
3.00712395
5.95207119
5.45718193
0.729831815
0.730642021
1.43596244
1.50338531
2.27273941
2.22524476
2.51969624
23.9436913
23.9286919
30.7699261
30.6752357
13.3931332
13.8559952
26.5366096
26.1042595
23.10602
23.91395
25.2317543
24.4499969
20.107235
4.40993834
4.42892075
11.1402464
10.9846745
4.29480457
4.41429043
2.11453128
2.1965642
4.12933302
4.01579762
4.23569632
4.34417152
4.4427824
6.82143211
6.35902786
2.52100945
2.94013786
1.97838616
2.11264777
4.37183952
4.56896687
0.645533919
0.376487643
8.09425354
8.35471249
6.82068253
2.10782242
2.04465866
1.47127402
1.46292722
2.6479733
2.64226317
1.91070879
2.01048446
1.65928745
1.84478581
3.56123686
3.64921808
2.39535618
5.3792367
5.28174114
4.71267366
4.72930908
0.17927742
0.190913826
1.56401944
1.67697108
0.812217414
0.735636711
4.06406116
4.14284468
3.99639702
1.42710686
1.48028541
0.372359186
0.355137408
0.0903426856
0.111758873
1.99619102
2.05848026
1.64344478
1.6212132
2.5695684
2.58293629
0.376472473
1.11487794
1.18366528
5.45258284
5.51515675
0.436662257
0.446904659
2.38618565
2.55006838
1.01355636
1.05324018
1.61478066
1.72769022
1.31343973
5.60302639
5.23248577
4.11899853
4.07894754
0.000522327435
0
1.31602216
1.38540125
0
0.0395208523
3.0196631
3.28755569
4.33787394
2.69759011
2.69744587
0.39871034
0.405074865
0.224663585
0.248625785
0.655749321
0.652629077
0.652564108
0.676006079
0.759878159
0.780030847
0.514543116
20.5180531
20.616272
21.8223591
21.7059975
7.42357922
7.42115021
4.77224016
4.83669853
5.86302376
5.90546274
5.57217646
5.55050087
6.37884188
3.42558098
3.38086748
4.17306995
4.06972313
4.8123064
4.81175327
4.28226089
4.29240227
5.08028173
5.07574272
5.39121008
5.45388174
5.18606853
3.10251665
3.07194614
9.98833942
9.87987518
2.71842146
2.61688924
2.51358676
2.53992796
2.0521431
2.03922606
0.829324007
0.78300786
1.08367002
0
0.00167172728
2.0567317
1.7142632
1.85851145
1.91234541
3.52720952
3.53005695
2.66774273
2.64750504
1.46304417
1.49368405
0.301015675
3.99116111
3.91441822
7.41292906
7.53883123
1.70285797
1.65604305
3.50235081
3.5236845
0.737319291
0.821923554
1.53192949
1.4762454
0.738708735
1.69963002
1.55191422
3.61857128
3.77563667
1.46272457
1.53220499
2.71973419
2.90002632
2.34191608
2.48039961
0.453328222
0.412230611
1.66082215
0.2973122
0.273260176
0.0954762846
0.101599686
0.26565963
0.150980264
0.644154012
0.686144352
0.479358256
0.391667664
0.448709458
0.424592674
0.329111665
1.50740755
1.54899299
0.206406221
0.176587343
0.906929791
0.845872104
2.25839829
1.74030209
0.442871273
0.604164124
4.99603653
4.53873587
0.407954842
23.9344921
23.6357212
17.5009766
17.5534229
11.5947104
11.692028
11.338541
11.2887888
16.8288708
17.539465
16.565115
16.6232567
24.4256382
1.23195684
1.26357973
3.62970614
3.68511891
2.1077106
2.0123198
0.352232039
0.318226725
0.926092267
0.825398922
2.08500814
2.49867535
1.00969017
6.29115677
6.43976068
11.7505322
11.8414345
6.63693333
6.34423542
9.11581707
8.92243958
4.06360626
4.03213596
8.53126526
8.57249832
9.71951485
2.83872747
2.82917809
2.25137782
2.26154923
2.56723475
2.47747588
1.44536626
1.46233416
2.00705743
1.94827998
1.85024786
1.81551719
1.74154043
1.20262969
1.26599574
5.22934866
5.22404766
6.4364543
6.38298988
1.29893243
1.36695099
2.0966711
2.11602402
0.765834749
0.795153022
1.6340301
1.13232076
1.02787614
0.137910247
0.220878825
2.45795798
2.39131379
2.84778786
2.70045018
2.47606468
2.51615167
1.50454378
1.73420131
2.64711499
2.18761921
2.24068856
0.655520201
0.620156407
5.0244112
4.73735666
3.2822032
3.39156961
2.24773026
2.16657543
2.72591519
2.82696676
2.78380656
7.683918
7.48003006
14.9719696
15.0139904
1.87299275
2.0085063
8.74340725
8.65548897
12.3316851
12.5080013
13.6864424
13.6863661
13.1105404
2.89552593
2.89222622
2.19300604
2.23186827
0.182645589
0.180492684
1.48744547
1.38549256
2.48216963
2.50377893
0.00345132989
0.0156841483
1.53972197
5.52329111
5.61153269
3.34707737
3.33686876
3.31042886
3.40708017
3.93753743
3.97314143
4.71469688
4.85826397
5.60612774
5.6913085
6.1567812
4.22204208
4.33125162
4.02345562
4.28432846
2.59456635
2.56070733
4.1906743
4.17492962
3.06301427
3.12761021
2.63804388
2.65945315
2.98666382
3.02327061
3.01016092
2.81053352
2.9302001
2.20315051
2.24073124
2.01345277
2.05989718
2.85527921
2.72941303
2.33535242
2.3628521
2.04259849
2.96514916
2.87805772
2.41214228
2.45747161
1.5931493
1.54801226
2.49500155
2.67643046
1.52240252
1.43937993
0.957847118
0.901090384
0.610779583
8.51617622
8.48402405
5.21458054
5.41192722
5.22791958
5.20571995
7.8500452
7.69066095
1.13288832
0.91817987
1.16952169
1.2371521
0.704287887
0.0002643599
0.000126830084
0.0385231189
0.0459425561
0.000149640109
0.00016792932
0.00132407062
0.0186976809
0.0103646666
0.000119107244
0.155493751
0.167361334
0.0707455501
0.54471463
0.518913269
2.37264156
2.24805427
0.165996462
0.141152054
1.33470869
1.29124737
0.0878342614
0.0859373584
0.083765693
0.0859243348
0.0882189944
2.43535137
2.43584299
6.28601122
6.22244358
2.9779551
2.8788023
5.8075695
5.70319843
1.69371891
1.71059489
0.886654258
0.859299541
2.6571784
19.0231705
18.6532745
7.87466049
7.69323158
9.05844784
8.99645615
18.7336292
18.7278938
14.6570797
14.9834013
12.3555593
12.6359625
18.5510578
4.34731293
4.44262409
0.466384768
0.50395757
5.08910799
4.82690859
1.18656194
1.25505114
4.10027885
3.70746994
3.57732439
3.62230396
0.246912405
5.20444012
5.11773157
1.7796725
1.83585358
3.24068809
3.26322007
2.12109804
2.06452465
7.65138102
8.09651756
10.104414
10.3921795
9.67834854
3.54523706
3.59025574
4.36502075
4.3444376
6.71370983
6.83960485
3.20140696
3.14484787
4.44594479
4.45093632
4.24461555
4.15121937
3.55528831
3.26832366
2.68812776
2.06431651
2.08276916
3.43057346
3.21070266
8.49537468
9.13988113
14.9946575
14.0471973
10.4354448
10.8942566
15.5109777
13.6394844
13.5418453
7.35185242
7.42602539
8.39801979
8.35690022
6.34619617
6.34683752
7.49028778
7.57935047
7.71747303
7.72094393
6.91526222
3.64035869
3.61618209
6.23047352
6.38727999
6.03800344
6.19995689
3.57898664
3.57933259
3.26408625
3.24863386
2.02836013
1.95001709
2.72180939
18.6967926
18.8022842
11.3096313
11.5301065
18.9922466
19.1136456
32.149334
32.0793457
33.4590492
33.2902718
36.7081985
36.6579933
38.1007004
3.24303269
3.18678331
6.0640769
6.05442476
7.86366463
7.87223387
7.02820778
7.05084991
10.8378735
11.1416321
7.4369173
7.48338413
6.71546698
1.23933709
1.23520803
1.84941459
1.80002129
1.04811287
1.05362844
1.22314787
1.22342563
1.39867592
1.43712091
0.529521346
0.572170377
1.24231935
1.67383468
1.68403649
0.919115961
0.90234828
0.127259165
0.126435801
0.543261468
0.53556484
3.61433172
3.49269724
1.0082196
1.04214644
1.00435877
1.07817185
0.924132407
1.4759084
1.48664951
6.07495594
6.11979628
7.06570482
7.07764721
6.00137949
5.71091843
2.26974869
2.55263877
0.306101829
3.69751883
3.61775684
1.28456998
1.62713563
1.34004593
1.37809873
2.2588973
2.21969271
0.973095536
0.949629903
1.30907369
1.3984344
2.09841657
16.0197392
16.2169209
14.3021059
14.0472794
12.3085251
12.4701366
6.81526375
6.89963055
6.13852119
6.23370934
5.86910009
5.83492565
8.5147543
1.93182576
1.89967394
1.67470217
1.81640184
1.7199496
1.82343554
3.29653931
3.23164988
2.35244703
2.38920331
1.52370775
1.29570258
4.67392159
2.47788262
2.58292317
2.66361117
2.59402084
8.95663643
9.17605305
6.79491901
6.80397272
8.76397991
8.71153545
11.2207327
11.0602493
16.876564
4.03251362
3.90452433
4.62643719
4.73690224
1.6488142
1.61645174
0.211359784
0.187675938
2.79774356
2.51565027
3.12620306
2.97621012
4.30578852
4.65641117
4.49675179
6.68353844
6.74820995
4.36484718
4.49111509
2.56525636
2.45542002
5.60445261
5.45737362
3.01611829
3.38466144
5.77755308
6.20676136
6.23061323
5.18275881
5.06825352
6.46076965
6.44164944
6.42271137
6.50602818
11.5837555
11.2365417
6.12051773
5.96590471
6.17443705
6.87093306
7.10244465
4.8657403
4.92549229
11.1183043
11.0960827
10.4993162
10.3062296
8.25398445
8.21682167
12.6028337
13.0607605
8.21240997
7.16054296
7.1436739
6.30611849
5.9980607
4.17682552
4.15478134
3.57120132
3.40629363
4.24916601
4.50306034
3.52284741
3.60260582
4.47672606
14.2392654
14.2213888
15.9870596
15.899868
16.0330105
15.9494257
17.7885208
17.752449
18.9822159
19.2369957
23.4729004
23.4747715
17.488678
5.42218876
4.93306255
2.19470286
2.42612457
4.7977972
4.32675791
5.76810837
5.89130974
6.47324371
5.73560286
2.59179807
2.99470615
5.24995375
6.60783195
6.49695396
3.04326987
3.50230765
3.83252883
3.82870865
4.7202611
4.68433523
6.10096741
6.09020042
4.57553196
4.6263938
4.43005514
0.996350884
0.939148903
3.89849567
4.05218506
1.78485084
1.6855917
3.08553267
3.09092808
2.76576424
2.75700045
3.37768602
3.40704536
2.69677591
3.9049449
4.00096226
2.32703209
2.47206831
6.67916584
6.7882061
3.04713082
3.10560727
8.47815037
8.70989609
7.34184361
7.25991726
6.45047808
2.76143599
2.92826033
2.20117283
2.25631166
5.72098923
5.74160004
2.39832425
2.51582932
2.4454937
2.61292553
4.29910851
4.16586733
2.25790739
0.487464696
0.499116182
1.02274084
1.00634158
1.35247266
1.35007358
0.90211153
0.930053234
0.626409531
0.599568963
0.0531622134
0.040036127
0.0992189348
3.63081717
3.97780824
4.8957715
4.56496382
3.3810401
3.50918293
0.50437963
0.488273114
2.5951488
2.92831802
2.21552277
1.84961736
2.39050174
4.49563026
4.61835432
3.94031024
3.8510499
2.92807674
2.94385815
2.66348886
2.63946247
1.9475255
2.12713146
1.93479395
1.77441359
3.54804754
0.298412234
0.291544527
1.40933824
1.41270196
0
0
0.45543614
0.476502329
1.38114762
1.12438655
5.43697309
5.82212543
9.95766354
1.96957898
1.80198896
3.47386074
3.39722252
1.0284059
1.04651105
1.48423314
1.50998855
2.25254798
2.41397285
1.58822656
1.69729352
2.40798163
4.5863533
4.69204617
7.30117083
7.42280579
4.27541685
4.29860687
3.39431524
3.45130324
2.50674629
2.54382801
4.44554901
4.35447168
3.67197609
5.19323778
5.21306276
5.55636454
5.52570343
8.5235939
9.08311367
6.48402357
6.48238659
5.9920969
5.9331255
6.10671091
6.10510063
10.640173
4.21874619
4.19663811
1.83925915
1.92434597
5.17785406
5.18766069
4.3178153
4.27095842
6.26988697
6.30709696
6.90470171
6.8366909
6.89257479
5.87774658
5.9368434
6.36741018
6.58125162
10.2238235
10.2395773
15.0463839
14.9701385
6.42967129
6.21781635
6.0656786
6.04897881
7.85440826
18.5363941
18.4144611
18.0151215
17.7554512
7.08573627
7.12934446
7.96825504
8.12324524
14.7753897
14.889967
14.2856636
14.4467602
13.8703661
3.57695985
3.55203772
1.87786162
1.92978573
1.45784211
1.45177412
0.333891302
0.32661581
5.97996426
6.53006554
8.16538334
7.95614672
10.3399944
1.93960845
1.78834927
5.68416023
5.50135803
5.37782288
5.45413542
3.27787471
3.12984943
8.3004055
8.41547489
4.79854345
4.32859373
6.86579895
0.691277504
0.816553652
3.17603588
3.13238811
3.48223162
3.39674377
2.62914133
2.64846182
6.07163477
5.62014532
1.23884857
1.26002336
2.15276861
6.23540401
6.27625847
5.9399271
5.92643023
5.19417715
4.95429277
5.03300476
5.06755304
7.31077051
7.23279285
4.15416336
3.97759438
4.30749607
4.46350431
4.50024223
2.88055015
2.71907616
2.69779587
2.81227517
3.50480747
3.41317725
2.53426313
2.44792533
1.41744804
1.39499998
0.638666987
4.67395401
4.65477562
4.67430496
4.67492628
4.73057365
4.66132164
4.29340887
4.30865192
11.7576771
11.6463346
10.9596882
10.9566708
7.32723951
5.22691631
5.18634939
2.5794456
2.9381876
4.17514944
4.15046644
3.93516731
3.78651595
3.17802691
3.19006252
4.45998907
4.35576344
4.50726318
9.52580261
9.45526695
4.46795416
4.57385874
7.62010574
7.56647396
9.41807938
8.95860863
8.02316856
7.81832123
10.7678518
12.1252708
6.9292469
4.45606375
4.4263401
5.34963989
5.28481054
4.21361303
4.55958366
3.62570286
3.65199423
3.6785171
3.9265914
4.0789094
4.18804264
5.65674114
7.85585499
7.88623905
12.6961718
12.7171993
9.28408623
9.22356224
4.83749151
4.85928631
6.64017057
6.75388908
5.15889597
5.02933598
3.60916471
0.139730737
0.139720872
0.524581373
0.528409243
1.20950031
1.28007138
0.453942955
0.483833253
0.0885710418
0.106139988
0.196893379
0.21392554
0.429620028
9.17825985
9.13341427
5.06427383
5.12385368
5.27155066
5.23535967
4.11752081
4.13837719
5.4423995
5.52849436
5.37979746
5.45457745
5.75488472
5.35094595
5.48674774
4.20992327
4.35409641
0.964592397
0.877545238
3.1898253
3.31955981
1.78145909
1.63463831
3.94378805
4.00015783
3.01865196
10.8726549
10.8398018
8.16226864
8.11023617
7.92279816
8.05958843
5.86770201
5.84419394
5.94085169
5.93056393
5.3296442
5.37570906
7.37725306
3.74852681
3.80142927
4.95578814
5.01065445
4.26515198
4.47140551
2.11843634
2.01674557
4.99753571
4.81425762
2.1743722
2.15805387
3.31731105
2.47064304
2.48906326
1.47134399
1.5019604
1.52401924
1.47174263
2.11629963
2.1766541
1.41272807
1.50148034
0.903229654
0.962163389
0.474187911
1.12542045
0.960210502
2.04545999
2.19442558
2.18037391
2.27996755
2.98370028
2.86999917
1.81382883
1.82541025
1.63211703
1.65568388
1.30106556
9.69661427
9.47723007
12.8247461
12.9577875
20.8415794
20.8390923
29.058176
29.0192719
21.7114639
21.9861946
23.6660652
23.5365868
19.6162701
2.11065149
2.13278651
0.230226964
0.23654528
1.37525797
1.41545701
1.71958625
1.69188356
1.36281312
1.34610319
1.19699574
1.22250807
0.725109696
4.75443649
4.55007744
4.15012074
4.19104671
4.96962166
4.82025385
1.80891132
1.80562782
2.88486528
2.85392857
3.40561509
3.43255973
3.7155776
4.9697752
4.90171337
8.19979858
7.77087402
1.6505127
1.65947628
2.48685074
2.61841893
0.162115797
0.160061121
0.311064482
0.285848856
0.683328986
3.7245295
3.68701959
8.83324718
8.68978596
4.50678253
4.41370058
4.38816118
4.506217
5.27468395
5.30710363
5.29507399
5.13626575
7.12762356
2.00079799
1.9392215
2.89329624
3.24535942
2.39236903
2.43440294
1.54239726
1.27336717
0.0275038071
0.0362973288
0.439576507
0.616838813
0.0694027767
0.453821093
0.512350678
2.55208826
2.37910557
2.9827013
3.00808477
1.1274277
1.25245905
1.43733478
1.39084446
0.0294567831
0.000181875919
0.198318884
1.70975661
1.70078683
0.903426409
0.950015247
1.47295117
1.51485014
3.44824696
3.51752019
1.52441192
1.58203936
3.0553875
3.07095718
0.646080375
13.0665617
13.0023308
9.70532703
9.84209156
9.7019949
9.93098545
9.01914692
9.04435158
12.5128317
12.6224556
10.4239883
10.2583408
12.6414452
12.2476311
12.4375019
6.45860195
6.44427109
9.46196938
9.45501518
4.46064091
4.64986801
4.96879053
4.497509
5.83121777
5.75471973
2.38716173
11.0775528
11.3344097
7.0372014
6.93601799
4.8876605
4.84622526
6.75950527
6.86902857
3.03433275
2.90317297
2.51616096
2.53491545
3.65960789
7.5689435
7.42868519
17.2957916
17.2186546
9.87454033
9.80647182
10.3606644
10.342926
13.9805088
13.9348345
10.2514248
10.709919
11.4596519
3.28251982
3.31692052
1.76668668
1.78754306
3.47443295
3.50899172
4.0351882
3.89657211
2.70716786
2.71534777
1.57850266
1.59750414
2.10466981
1.2756846
1.31186473
1.55310464
1.57205987
1.95630276
1.93438554
0.954515755
0.904281735
1.58256555
1.61298478
0.117729388
0.124584496
0.945904136
0
4.17716983e-05
0.269673884
0.252397865
0
0
0.455772072
0.429614574
0.829838991
0.869163692
7.6503864e-05
7.20755561e-05
0.654515982
2.99438357
2.97439098
3.85852432
3.94354463
4.18566418
4.37429905
3.3681941
3.34581947
3.87419558
4.31979322
2.32295942
2.14497828
1.98384809
7.17124462
6.96221399
1.33057046
1.35503817
1.4558022
1.59529078
2.42302179
2.27058744
4.10233402
4.02260876
3.82927895
3.8190589
4.33537245
9.83779812
9.83662224
4.54546595
4.39583588
1.30129993
1.28751588
2.44228673
2.35355592
0.442475647
0.463535309
1.3979665
1.50897884
4.81017971
0.700511217
0.751615882
0
0
0.609682322
0.606468201
0.896883845
0.906468809
0
0
0.521296859
0.513414443
0.329511166
4.80325985
4.85695934
2.53675079
2.561306
4.99938393
5.17678928
7.81215048
7.75538731
6.83684778
6.89028645
4.46929264
4.44066334
2.79303312
1.00511861
0.99619472
1.22901392
1.3154496
0.911835909
1.04372072
3.65767121
3.69788146
0.327563673
0.3021155
1.7447319
1.95975649
0.611556888
8.97356129
9.05412865
8.39949036
8.43850327
11.981782
11.9721985
5.93511057
5.82092237
15.6987228
15.7426004
18.3893108
18.36092
18.8939362
2.57554412
2.71101475
1.35467243
1.3280009
0.636240602
0.615081906
0.416827589
0.428221405
2.15245414
2.01260614
0
0.00149952038
0.100272655
3.2333169
3.18086433
3.3542757
3.25055885
3.2343874
3.50265765
5.6624155
5.29241896
4.10499954
3.95727444
3.63133144
3.94608688
4.62314653
1.4809233
1.4745692
2.3938396
2.40619135
2.27153969
2.2667954
2.46531177
2.45849919
2.13380694
1.93597376
1.2876488
1.34901607
2.18770313
1.43960166
1.51068234
1.77065539
1.77519011
0.706537247
0.751732707
2.26810312
2.21679688
0.593690276
0.635207117
1.27482545
1.24374366
1.0647496
9.97242451
9.97500134
7.64314508
7.75395679
7.39507246
7.41175175
7.2362051
7.20878029
14.1366463
14.2926846
10.922781
10.8637476
7.60681438
22.0127144
21.8913879
19.5661736
19.6806965
19.563839
19.5596352
21.921402
21.7784634
20.1795731
20.1164036
19.9046478
19.7946625
19.6515675
3.97796845
4.03301716
3.10368681
3.34606457
12.4664316
12.2153234
4.26736259
4.29574776
6.28249454
6.3996644
7.46591663
7.51587534
4.24107027
2.66201448
2.71785045
7.17052794
7.12661362
4.48915958
4.29108953
3.32170439
3.31361532
2.10006618
2.16822124
2.51757622
2.41540599
1.84881854
8.51475716
8.57587242
4.78941917
4.88394785
5.31243372
5.10474396
2.63054514
2.57286763
0.831401587
0.837313592
4.02848291
4.079813
1.9810344
9.18223381
9.06217861
10.7259693
10.7641735
8.12053299
8.03133202
4.39717436
4.29280663
4.04643631
4.04515266
2.23085523
2.29871869
2.24105763
4.05929613
4.11430931
3.25834846
3.24232912
6.05333519
6.0286088
7.79248667
7.61166906
6.09312582
6.09771156
5.60744715
5.40809631
3.32256842
7.92622089
8.13967323
8.00925446
8.00579166
8.90394211
9.06414223
6.16707182
6.10708904
11.7116766
11.9907436
15.9263115
15.8160057
11.4787216
3.53828287
3.47562695
5.24768353
5.27957058
0.0161872394
0.0140848327
1.47412133
1.41148007
3.9635973
4.17857838
3.50113797
3.34249353
4.59945774
1.03700423
1.04594982
1.57103169
1.53341103
0.381550252
0.372433513
1.7294848
1.7533468
2.68595147
2.42736101
0.689274073
0.771675467
0
2.90462112
2.9264667
1.9671917
1.95104945
1.89410448
1.90900159
1.22991312
1.29770243
0.708554447
0.669700921
0.56188345
0.595776081
0.288339019
8.26759052
8.29424095
3.94595242
3.84690118
5.58412933
5.3546567
4.87853813
4.87889099
0.284279853
0.248508841
1.89752483
1.9640317
2.18946528
1.19653356
1.22239327
5.20253515
5.28540802
2.55753541
2.51311111
3.97803092
3.89583087
1.05411792
1.10194325
3.60464883
3.29687762
2.43842649
5.26837921
5.16060162
0.797398925
0.7835958
3.93187094
3.71488357
4.1336031
4.12331009
4.37208796
4.28496456
4.21285057
4.27174044
4.91432714
7.91212082
7.95913029
6.71740627
6.6442976
4.09835148
4.15234804
5.42615032
5.33706951
11.5874996
11.5808287
15.2623358
15.2654514
14.4003048
9.07493496
9.40478134
9.77104378
9.24697018
6.82939243
7.23820925
1.92375875
1.59062982
9.61339188
9.48852539
18.7206154
18.8822899
13.7636948
3.6429348
3.83277559
0.0915100798
0.0870217904
7.70105839
7.74460554
0.60340035
0.578065515
2.61307597
2.1389575
1.86386585
1.88678753
0.764897466
2.6199789
2.74745917
4.92632198
4.7599802
3.15987349
3.27094626
4.09487915
4.15537071
3.27309251
3.38994288
4.22249174
4.36276007
3.83976173
5.5327034
5.47612858
8.62132263
8.72315025
5.90550232
5.98519325
5.82665825
5.7501812
5.95389557
6.01572371
3.43169832
3.22426534
6.33883095
6.46511412
6.33937168
6.27980995
6.36602306
6.08493853
6.13517904
5.78565836
5.87573576
6.40053463
6.24753475
2.6413312
2.5488615
6.60955667
0.847391367
0.802071869
2.73689604
2.71943378
0.941892624
0.946472287
1.73885989
1.72065783
0.686678648
0.677189171
0.45619297
0.477633178
1.08691442
3.38305092
3.2820859
1.5966754
1.66076446
1.73670173
1.72328305
5.64624214
5.6609745
6.31991291
5.81833076
4.45835257
4.61683273
2.12633228
11.7370005
11.6197109
8.14669228
8.0318327
14.554554
14.3543701
15.1145992
15.3609295
10.9831333
10.9056435
12.9100943
13.1310501
11.9556007
6.64748621
6.95197916
10.4373589
10.3713169
5.4904623
5.55127144
10.6379261
10.8826227
14.5063858
14.8228321
17.7996311
18.0771942
13.4050121
0.832329571
0.640264928
0.656907618
0.709552109
1.21966648
0.94624579
0.883806348
0.863835812
1.18152964
1.14598918
0.973939717
1.13425493
1.21152866
6.01881599
5.93263912
7.10019064
7.01062775
7.85335779
7.55331373
5.21624565
5.17582655
5.35694313
5.43604183
6.66454124
6.67292309
4.56068897
5.71430492
5.61205006
5.71902132
5.81199455
7.28884506
7.33984184
6.28112221
6.38192844
7.63377762
7.81619644
6.60796356
6.6798954
9.37247849
0.431215703
0.408235908
2.30449343
2.15853715
0.16167824
0.163636893
0.163050264
0.161725268
2.2238152
2.12463856
2.26738644
2.31584811
2.03522301
8.03913879
8.1545763
6.71806479
6.65631628
5.62067413
5.49409533
5.97891903
6.13793373
5.9528389
5.83223009
4.51648569
4.37092781
1.41792166
0.745670736
0.806121767
1.41604328
1.53372455
0.51687324
0.615138829
1.31139171
1.36033833
0.000106562613
0
1.07889879
1.10362673
0.873263776
19.8286495
19.7141476
15.6019173
15.5679712
30.7012615
30.8686523
20.0658474
19.8814812
20.3167381
20.2327633
10.7263422
10.4895983
22.9088573
2.71925235
3.00317144
1.98054564
2.02936172
2.97649646
3.10040522
2.42114544
2.47709417
3.52832651
3.46420193
3.73582959
3.55848908
2.32197785
7.70652199
7.84877872
5.35491562
5.38517427
8.2313509
8.11837769
2.88571668
3.03143644
5.97504807
6.120224
5.9021163
6.04549599
8.16259956
4.72917843
4.90905666
3.20823526
3.15498257
1.68764043
1.66854858
1.91804409
2.006917
1.47354937
1.43650603
0.0320874602
0.0305271875
1.13435102
6.18172932
6.25292587
5.19182014
5.30695152
6.99462175
6.75838947
6.60276413
6.69265032
6.45111656
6.5617981
6.52262545
6.63257456
8.42195511
4.57915545
4.58769751
0.476906896
0.634518862
4.999722
4.99687958
1.04280698
1.05544925
2.18715334
2.1580615
0.670434177
0.667062461
0.60446465
6.71237659
6.48867035
8.44369602
8.44111443
4.31263256
4.26736593
3.87668467
3.74275732
5.62558222
5.74304438
2.24402571
2.25083661
2.36643434
0.680602491
0.690519452
1.94516206
1.95877671
0.924166679
0.910817683
1.2210815
0.961135149
1.96929061
1.89135933
5.77866268
5.6034112
3.54444242
10.2865
10.2901182
15.0686092
15.322073
16.5530663
16.4646473
12.8643913
13.0668135
8.61907291
9.34462833
10.1979141
9.99674225
11.7633953
0.0317280106
0.0158537794
0.0785913169
0.0934140235
7.07997751e-05
5.89481424e-05
2.69612098
2.7129662
1.0222491
0.785958469
1.78471899
1.57192469
0.30845347
3.06463432
2.91303539
1.71113706
1.7011807
2.50214934
2.42686915
1.61171508
1.6254034
0.700583816
0.64475286
2.37628412
2.35634136
0.723398685
2.48121691
2.49361181
2.02913737
2.18781137
2.06201601
2.03145957
1.83415627
1.73992157
0.980097055
1.0571456
1.45966685
1.49204969
1.69125724
4.960917
4.98274899
4.76348495
4.81672955
4.41934824
4.37636805
5.51690722
5.60232067
3.50173569
3.54703093
6.41590643
6.44688988
4.80908203
1.99874032
2.04727745
1.81829715
1.8334806
4.36228323
4.25284624
3.00145149
3.03235722
5.7519722
5.77099276
3.02293372
3.08030367
4.40428305
6.85339069
6.92772579
3.39928794
3.30168152
2.99809074
2.94917011
2.59244013
2.68802404
3.05451965
3.02087307
2.94445443
2.84141827
2.62194991
8.86717129
8.84373569
6.40226412
6.28162336
6.69566727
6.64269257
9.80531025
10.0262566
8.47058296
8.77727604
9.01498413
8.9882021
9.418993
12.424778
11.8399487
2.42522717
2.16866779
14.9450874
14.9504242
21.4231529
21.4028587
22.2572689
22.0983067
23.0150051
23.0963955
18.8212605
12.4420938
12.619524
0.586828709
0.482936651
6.55546951
6.15820217
4.13215113
4.62929487
5.47589016
5.72749901
5.60946369
5.62413788
3.68338895
7.52820492
7.49025059
8.27987289
8.03489971
7.49503899
7.31541061
6.77079058
6.8568058
7.47849751
7.55045605
6.25708628
6.12047482
13.4820576
0.504912853
0.494698972
4.35309267
4.39986944
7.24529743
7.24856758
2.08877635
2.29838681
12.9997168
12.6888676
9.36688995
9.28403282
7.64259481
3.32307482
3.22597456
9.78203011
9.81265831
2.76235199
2.71459913
12.7641554
12.9446716
8.39941406
8.41987038
6.64693928
6.68191576
4.27666187
5.27968645
5.38813305
3.43734312
3.39358115
6.33700895
6.36209011
5.16745377
5.05250645
6.03935814
6.0389185
6.45026684
6.49874687
4.85839891
0.198229358
0.202120662
0.235204786
0.237007231
0.0737430975
0.0721090659
0.0643378198
0.0669346303
0.0690640882
0.0771210417
0.073058635
0.0687771142
0.0643332005
0.874812424
0.718744934
1.34633064
1.57280374
0.0052069691
0.00344624626
0.00254679727
0.00175172067
0.26562494
0.286614001
0.816554308
0.882869542
0.788858712
3.1286912
2.91748881
6.52414656
6.65677166
2.78377223
2.93865728
2.09127951
2.2459178
2.27535248
2.23899221
4.10438538
3.89679337
2.06510401
4.0435257
3.85751557
4.39470434
4.38639164
8.79598331
8.87238026
6.91788101
7.22108269
6.14882755
6.25169945
11.9126329
12.1857281
11.8716965
0.426999986
0.414863408
0.390428185
0.321760416
0.373103023
0.380256027
0.233078539
0.246450141
0.000212500207
0.000185901488
0.627754688
0.608295918
0.976845503
3.04407835
2.71131516
1.49250233
1.50829124
6.30120325
6.27325678
1.68751121
1.56075764
9.57872581
9.03335381
5.60075903
5.65577173
4.33650208
0
0
0
0.022976391
0
0
0.230412319
0.156890005
0
0
0
0
0
10.7230968
10.6423483
14.7990971
14.9439096
10.9634075
10.9062119
18.9829521
18.6847401
8.4048872
8.06376266
8.71459579
8.9138813
4.71285248
2.57328129
2.57617593
0.000321864471
0.00304924673
0.200201884
0.154045492
0
0.000215962849
0.000558316009
0
0
0.00180836848
0.399441749
8.88732719
8.83136082
2.37985134
2.41329908
2.8987
2.92680454
4.76205254
4.76452351
7.22181511
7.58116627
2.2116816
2.14624071
1.09026837
6.75159502
6.8789258
4.48915005
4.35591602
9.73168945
9.70903397
8.50041866
8.46051598
7.38893747
7.2022481
5.71368933
5.69171524
5.96967316
3.03767014
3.10135579
3.47056437
3.415838
0.242277384
0.31001097
0
4.39327368e-06
0
0
0.13860327
0.143561959
0.0492668413
6.29407787
6.18392611
7.66469145
7.71240759
8.86817741
8.99710178
5.61273003
5.6329813
10.3769684
10.5204754
8.77787971
8.89616299
9.17151928
5.08128977
5.17673922
1.29636192
1.34198141
6.56127167
6.54791021
3.95706654
3.8581202
5.59640312
5.66540194
3.20941877
3.18346024
2.50713444
0.804970145
0.701718688
0.321200401
0.30413416
6.16646242
5.88371754
6.73175907
7.35381317
0.805473506
0.460171938
2.33505154
2.85560656
2.10520697
2.46165967
2.39044213
0.185673177
0.141505882
5.82792054e-05
3.82628023e-05
0.476115942
0.484055609
0.842310011
0.873592257
0.671572506
0.676228583
1.18786645
4.1773591
4.15544558
3.75089955
3.80225778
0.0766791627
0.0886810645
0.587470412
0.634481549
0
0.00484344037
0
0
0
0.789102852
0.739954472
0.264011085
0.280404598
0.249924466
0.23023738
1.51911831
1.45201015
2.14042139
2.36273217
0.935050845
1.04405701
0.196815908
11.4381981
12.0999374
15.5777788
15.4979229
4.25723171
4.38657618
9.23923874
8.81610489
7.93335915
8.54701138
7.10998487
7.1816082
14.176424
4.09082127
4.15014553
3.07755852
3.11602211
0.352418929
0.377157539
0.747193456
0.819628835
0
0
0.581471562
0.678050041
0.679352224
0.000373213144
0.00282716379
0.837872982
0.836108625
0.443066895
0.451203853
0.297523052
0.263806313
7.02791786
6.15539789
0.278035492
0.643793583
7.09865417e-05
15.1825886
15.1302023
5.84517622
5.88086987
5.30886507
5.03523636
8.47260857
8.51811981
9.78930855
9.58164883
20.190052
20.4027672
26.1166077
4.02070808
3.97140598
4.05681515
4.12065887
9.41415596
8.94256687
6.91222572
6.85425186
5.52397871
5.60115147
5.61750793
5.58146811
7.35739851
8.92623329
8.90237045
6.14595413
5.8260932
9.26404476
9.20530319
8.09246254
7.98496246
1.76100826
1.56825662
2.68719172
2.84021997
2.65521574
1.59531796
1.61132407
6.62114382
6.66547298
14.690321
14.4445734
9.76500416
9.71848106
4.44352341
4.48001528
5.25737286
5.23741627
9.74938774
0.830134749
0.828272283
0
0
0.719793677
0.720894992
0
0
2.2570045
2.02093077
1.36843181
1.47601891
1.94647944
22.1381702
21.9037552
14.4197187
14.1735544
14.4850807
14.7791996
26.571043
26.805481
23.4849796
23.4037361
30.1007576
29.5896873
23.6165504
4.25730276
3.88558245
1.41899669
1.3930335
3.22119761
3.29786134
0.616325676
0.635835588
4.52492476
4.33656693
6.27629185
6.36389828
1.14172637
5.34742641
5.28238678
2.45712757
2.47883749
3.8993516
3.72742653
3.21785212
3.22455502
6.14379311
6.13950491
5.58997345
5.36480331
6.57695532
2.27069163
2.31042886
4.96484756
4.85255241
2.48416448
2.50700521
2.56986475
2.64022136
4.50144625
4.50397491
4.84008694
4.72550869
4.46020222
21.2078018
21.2706985
21.9347782
22.0084457
19.3998184
19.638195
11.9929695
12.0623455
17.1705875
17.0789623
18.2893734
18.2393093
18.3467751
2.29981279
2.30415511
2.88849044
2.9096179
1.93010473
1.92602682
2.97199535
2.95502186
2.45187187
2.53849673
2.80356193
2.81164217
1.97271228
2.23840404
2.24292707
0.738656521
0.728759587
0.624893904
0.558106661
0.636856556
0.608483911
0.494633019
0.536266863
1.10585153
1.20467591
1.24456382
0.937849522
0.890071809
0.955931962
0.991366923
0.00014424877
0
1.12494576
1.15351605
1.42705476
1.38248789
2.41162419
2.49829054
0.956925631
0.685108721
0.698076367
8.43410397
8.39781475
8.27580261
8.27324867
10.166235
10.1471825
8.2377243
8.4358902
6.88359451
6.84462643
5.89062023
4.98278618
5.07094717
2.66659427
2.71518898
6.32401228
6.33570671
6.93010521
6.92911005
7.4711895
7.58797455
11.0771923
11.0935154
11.5922508
0.0196598433
0.0721964613
2.52258039
2.56019688
2.49090862
2.5333004
5.23020315
5.25157261
2.36358452
2.40408134
4.00725842
4.08433151
1.51245606
10.7800732
10.7258501
7.2112751
7.07832766
11.7612648
11.8186188
15.8809147
15.7986841
8.35994625
8.15612984
9.06796074
9.13089371
6.55743313
4.55733919
4.59536934
8.60778141
8.45086098
10.0051928
10.0648355
6.5900507
6.57014036
2.31598473
2.45447016
3.71095419
3.80624199
2.5317266
4.42610502
4.5778017
4.62563372
4.70559549
11.458786
11.3419657
6.14833975
6.13775969
5.11600351
4.81752586
6.41688061
6.06658745
2.76296997
5.30449581
5.09585953
6.50663567
6.85757637
10.6818066
10.7083015
19.0422211
18.9890671
16.0352116
16.3321743
13.442215
13.4135027
6.46829796
3.02629161
3.07894611
1.32813537
1.32809281
4.56256962
4.16176176
6.04989433
6.0563736
2.99656582
3.0166471
3.90119648
3.92128587
10.5522518
0.361397922
0.362014502
0.899080932
0.8991822
1.65722072
1.63639164
3.74147201
3.90340233
1.10811841
0.928334713
3.17725778
3.1596415
0.3767398
0.185593277
0.235912651
0.381748855
0.394869685
0.118561871
0.156714991
0.412782788
0.427472502
0.703225553
0.726002634
0.689140618
0.600827575
0.954039216
1.22210479
1.37810993
0.960425973
0.835786819
0.684333801
0.669131279
0.709647655
0.798916638
1.21523607
1.16573644
1.01061523
0.85095799
0.812953115
0.385780871
0.389221638
1.07537293
1.04832268
0.0616432093
0.0421487838
0.000193283209
0.000148044433
0.754657388
0.740173161
0.415214181
0.371676952
0.0778354555
8.82988453
8.51199341
9.87756157
9.58378792
0.411605477
0.433359653
3.09160995
3.12383032
0.825531125
0.818217218
0.417355239
0.418614835
4.14543438
0.980569839
0.903123975
3.5751462
3.64223981
2.4449172
2.45047379
0.9405303
0.908737898
0
0
0.753557742
0.940839767
0.160198495
11.4955082
11.5558949
15.64149
16.1149597
27.9162369
27.963522
32.9076691
32.779335
28.0372753
28.565258
31.5507202
31.2138481
21.4191818
3.23689723
3.16622519
2.86702514
2.83025193
4.48496532
4.43074846
7.48677015
7.4724679
6.1425252
6.11793232
6.58522511
6.70498085
4.84144115
0.792792201
0.626693726
3.79204583
3.91341162
2.32978916
2.23946667
2.42183471
2.52196455
1.40585327
1.46660626
1.75479782
1.81687689
1.6909045
8.42077446
8.48465633
8.46575737
8.343009
3.96491313
4.04834366
3.37396049
3.40488219
5.67410278
6.06136894
4.33107519
4.15074015
6.07855415
5.25774622
5.17192268
4.81543732
4.85169601
0.423780352
0.44934234
0.206246912
0.203579664
0.389985293
0.430037677
1.15205526
1.08898914
0.213444412
2.73576021
2.80271721
1.71107042
1.75234747
2.76761222
2.82572508
3.89204717
3.89128375
2.45659161
2.53954124
3.2802906
3.29084849
2.18442988
0.538213134
0.530864775
1.07570887
1.10528386
2.16714978
2.13264704
1.24087191
1.23503506
2.88902044
2.69242477
4.08363295
3.99155903
2.48644471
0.86827153
0.864827394
3.108634
3.18780899
4.61083508
4.58460855
7.1187396
6.91964483
11.6555986
11.7521143
15.648881
15.6830778
13.2595177
2.52125812
2.56147671
2.84216261
2.73670435
1.6251955
1.61726344
3.68251872
3.73377037
2.38747191
2.57497215
5.08133364
5.21763134
1.50431895
12.2132912
12.096796
13.1178513
13.4869757
14.7823601
14.8837833
14.9788599
14.8966217
12.5594501
12.4861622
12.7727423
12.5357914
4.99260998
11.3445034
11.2286282
12.4659195
12.5328598
10.6038055
10.6830521
8.40561008
8.46696472
10.8171768
10.9366608
11.3275642
11.2766781
10.8548479
4.25613499
4.38683128
4.50983381
4.68716431
6.06812048
5.93558741
2.99665666
2.93623114
3.88546348
3.95256734
3.81588554
3.64810944
5.66441631
5.4053793
5.31928492
5.00267124
5.10689402
5.65385342
5.783144
7.82045937
7.76248837
7.99088955
8.00850582
6.18622017
5.91347551
3.99710226
2.88039708
2.84211183
1.91498017
1.89457881
2.13319969
2.27757978
1.21210182
1.19060183
4.12007809
4.237638
4.88688135
4.92749023
2.54921818
2.18578959
2.16251945
2.19551611
2.23107958
3.6424489
3.63210535
3.97788
4.03059578
5.82791948
5.84555435
5.17973232
5.17491484
10.0371971
0.161043599
0.166939497
2.51887155
2.5444181
4.95516872
4.9740057
1.02556288
1.03314006
5.02352715
4.99829769
6.52222824
6.40663815
4.43079376
5.39931631
5.58681917
6.81846189
6.48978043
7.02818871
6.99014854
6.93571281
7.19442081
5.65568972
5.51259136
10.0709143
9.84145737
8.10007572
10.5184393
10.5880547
7.86093807
7.69415998
10.4624844
10.6082554
9.83631325
9.60490131
12.136199
11.8755875
15.8139801
16.3015347
15.70541
1.48386312
1.9189086
0.907949328
0.889994264
0.0969975889
0.14739418
0.121802755
0.114109866
1.00240982
0.938614666
1.24926758
1.39404559
2.5157609
3.88083315
3.90539098
6.70752811
6.69704247
6.02109909
6.17474699
7.63658285
7.58708096
3.68256831
3.3226409
4.87685156
4.89204121
3.11502886
0.701383471
0.750343919
0.766925573
0.787256002
3.10813141
3.09198761
1.53737402
1.55082774
3.55694818
3.63326311
2.77860856
2.83368611
2.80430031
16.9538822
17.0132561
9.98867989
9.33586121
8.32452774
8.59542656
4.70553541
4.98030376
6.77141857
6.77649784
9.00232697
8.80815697
10.413434
0.662048697
0.648336589
3.48434114
3.418926
0.505957365
0.498716593
3.38083577
3.61467457
3.37550497
3.18566251
0.808569372
0.793010294
2.24366713
7.61699772
7.66500616
5.85746002
5.76509666
10.6473122
10.6201134
7.8907876
7.86207342
6.51895761
6.44766283
7.64656687
7.70187235
7.0796051
3.96485162
4.15063238
0.753468215
0.776192069
1.22969198
1.17193294
3.79279304
3.77922034
0
0
0.945341229
1.05528295
0.869713902
4.0754652
4.13807821
3.26558113
3.26907015
2.97810936
3.09408188
2.70357895
2.62897491
2.57115149
2.60865235
2.24703097
2.24771714
3.24861765
11.7802296
11.6440039
17.6917686
17.6147728
5.96035099
5.97718906
5.99415016
5.96964312
8.43394566
8.56738567
12.0058727
11.9620352
12.3532
3.82656908
3.84954262
5.1026535
5.08620644
2.06247687
1.95972538
2.46758246
2.49300432
1.55948794
1.58363807
1.64575481
1.60531044
3.71715999
8.42325497
8.46334076
9.07191658
9.14622307
9.55473614
9.54792881
8.52389908
8.49694633
7.09253693
7.09211683
8.45036888
8.40293312
7.05657196
10.2624779
10.2725382
15.7953987
15.8476963
7.30710745
7.45856905
7.47155571
7.2988658
5.94901371
5.82343197
11.6551971
11.7337074
10.2401772
2.6492486
2.50681806
3.47977448
3.59310484
0.206568435
0.202346608
2.25824308
2.34148312
3.03936243
3.16979885
5.00355721
5.15204716
3.77087402
10.1714687
10.2114143
6.98422194
7.0067811
6.07216454
6.20864677
6.14293098
6.20347404
8.76161194
8.90079784
4.71262407
4.73454905
8.34562016
0.923273563
1.06185961
0.373326421
0.407249033
0.41832152
0.64709574
4.63405275
4.50301695
0.970787764
1.02275133
0.40876925
0.297218204
0.493319243
4.03249025
3.84131074
3.04732704
3.07708168
1.9647119
1.68293881
1.75401044
1.7473948
2.91587114
2.79403448
2.32766056
2.46841812
3.09242964
1.92729962
1.92801595
2.00496578
1.95129228
0.0681308135
0.277892172
0.125432238
0.102405712
2.93292665
2.89911747
2.41161299
2.5790112
3.46703458
2.23894238
2.30846453
0.782271326
0.747736335
3.65286064
3.69921327
0.576664567
0.592977047
4.22060394
4.28217363
2.38302875
2.39043045
3.79878402
6.03760576
6.02815056
3.73113441
3.75593042
3.40854836
3.45617914
3.77900839
3.68623066
5.94038343
5.99686384
9.11038685
9.22630215
8.80133057
5.68011951
5.96542025
0.774433613
0.843108416
4.91204071
4.85881281
4.31727982
4.31458712
4.30892467
4.11891222
3.72326422
3.47123194
1.46381259
2.79294324
2.82007718
0.598865569
0.585376859
8.93323803
8.83360291
9.0640564
9.04405594
4.8461175
4.72937059
5.1003561
5.05989933
1.50315225
16.869606
16.8829136
8.41103554
8.21865177
0.595825016
0.555118084
1.40901446
1.46016669
0.817554355
0.796728134
0.327151924
0.294465333
0.263237029
6.32250738
6.21028233
2.59887099
2.56928682
3.42980909
3.50618434
3.58606052
3.57690048
5.206038
5.67822742
7.92979431
7.62746239
8.45874977
3.08403563
3.11295843
1.31528091
1.30324781
2.49030805
2.44955659
1.92341948
1.96252513
2.17383838
2.05728865
2.03600407
1.96777999
1.19070411
0.986999929
0.953248322
1.1527276
1.09367251
1.06743228
1.01980126
0.161325127
0.1801112
0.183548406
0.202141389
3.00307965
2.93168592
4.78218651
17.9755383
18.3681278
18.8729916
18.7119637
16.7807541
17.1827602
16.8194504
16.8629971
19.8656521
19.9656906
19.7556591
19.8155651
20.5030632
0.744207382
0.905995488
1.16981506
1.15941322
2.09834552
2.17763758
0.907569945
0.979307473
1.53161943
1.70690262
2.98979902
2.69477129
2.8108573
1.73686159
1.7075634
3.32707429
3.43690634
5.26613569
5.25574446
3.27393866
3.30876613
3.38240147
3.29051018
2.50072241
2.62834406
2.81660271
0.949790537
0.898651898
5.23573351
5.28575611
3.23904943
3.23402977
2.70886636
2.67051625
3.33237314
3.18432975
4.54849529
4.52337742
2.99797821
5.47323275
5.61282301
11.0983753
11.4846525
3.89690661
3.90901923
4.98821259
5.13231516
6.03673077
6.15852022
7.83462095
7.69589901
9.37755108
7.6380291
7.70065928
8.84133911
8.87430477
5.675385
5.71836376
1.9495995
1.88766491
2.70067382
2.7128768
1.050493
0.940472126
1.10214841
1.66732502
1.69504797
3.6735003
3.83308101
6.34311295
6.51461411
6.6510067
6.56913757
2.05256891
2.1279366
2.76876473
2.77621698
2.26482654
13.9515171
14.1494999
12.6864567
12.8395519
17.6684189
17.4812698
13.6871185
13.83745
14.5930481
14.3872986
22.4216309
22.3082886
25.1619568
15.3964672
15.9168653
8.72716522
8.27545834
4.92023754
4.91277695
8.11761189
7.97328949
4.92615604
5.40546703
2.30334973
1.62216473
2.85045171
3.55714703
3.59071016
3.52269387
3.57931161
1.53469467
1.5586586
1.7328552
1.77044499
2.1436429
2.52306366
3.34109616
2.88841796
2.19761467
5.32771969
5.18716955
4.75570774
4.90462875
6.21774149
6.20697927
3.64597726
3.6819756
7.32610464
6.79636574
4.11226416
4.30904198
3.36254692
1.88644433
1.68884516
2.29594946
2.71733856
0.470049828
0.397726774
1.0562396
0.949601114
0.701429546
0.671661675
1.34155822
1.65802133
2.88334703
13.2662544
13.279314
4.28945637
4.01921368
4.82758331
4.72375154
2.75310659
2.74541926
3.10839295
3.20401144
5.27645874
5.39778852
6.12470913
4.86261559
4.8961544
4.63326883
4.73204422
7.85966825
7.8235302
9.86173248
9.93309784
5.72195959
5.80060482
10.886198
11.0389481
9.84444046
2.70982361
2.64850187
3.84789419
3.76124811
1.24068058
1.25976312
2.77964926
2.80731034
3.39664245
3.3861227
3.98495865
3.99871325
2.90992689
2.56561232
2.51222682
1.9865185
2.02320623
2.09804821
2.1194272
4.76090097
4.70797682
3.07189322
3.04820466
3.56184101
3.47386456
2.54993677
4.81620884
4.69967842
2.00349545
2.08255816
3.66101885
3.6785717
3.34818769
3.25064015
2.60168552
2.56259251
2.07703018
2.10701895
3.02755141
5.14049911
5.28823519
6.00973845
5.88893843
1.55625033
1.62723422
1.53516746
1.51574814
2.02313256
2.07797003
0.978108406
0.998317719
0.754279196
3.24692392
3.30982351
5.78435373
5.78199339
1.35060096
1.34124362
1.95975959
1.96946466
2.03183603
2.0192678
2.63349581
2.69083762
2.34088087
5.4611249
5.35211039
0.992821097
0.945053697
3.12668729
3.48855138
0
0
3.27666092
2.99840546
1.15794992
1.20447743
3.87141538
10.8208342
10.8363008
5.95412302
5.74213839
5.334589
5.36167192
8.32688999
8.44657421
2.76928949
2.57357407
2.75466681
2.89677691
3.341645
6.54702806
6.39650345
7.08226633
7.21820068
8.34541893
8.41409874
5.37977266
5.18217659
5.86293888
6.14531088
5.12800026
5.1780405
5.33472776
1.52923036
1.38507342
0.637778401
0.795912206
1.09537363
1.08164477
1.08082867
1.05288029
0.662116647
0.658338547
0.110038295
0.115796641
0.566334844
2.80775452
2.97484589
6.27267742
6.13613844
10.3620472
10.0819759
4.51277876
4.88573503
14.6406307
14.620842
9.59949207
9.57546329
13.4864721
7.55965614
7.4750948
11.1549921
11.118825
12.7303143
12.9000607
11.9604998
11.8961611
18.9788399
18.972826
14.5521851
14.5418644
12.4317436
5.38641596
5.28506279
3.06275797
3.30515337
7.97764111
8.07275677
7.03855515
6.96958637
8.37641716
8.47654343
10.5503111
10.4018335
11.4536715
1.41306806
1.39202011
2.30710912
2.45749998
0.87545073
0.844355881
1.7671597
1.78742301
2.03202224
2.08294249
2.03102231
2.09361529
4.42368841
7.38466167
7.35471821
6.69703007
6.42563486
7.64581871
7.43578672
4.58311749
4.59643841
3.15830827
3.02936554
5.94234324
6.05720186
6.14375639
1.56364346
1.61371732
1.02230251
1.47774673
2.13973641
2.05400753
2.2080307
2.21426415
1.34870589
1.34452319
5.50434888e-05
0
0.00010719429
0.837536335
0.680027485
2.76896858
2.88924527
2.79493189
2.9005568
2.2345562
2.14927936
3.22041297
3.37656474
2.39820004
2.53313637
1.98477793
2.78870106
2.60438681
2.49477839
2.50821543
0.275118411
0.298590809
1.46349716
1.45087135
0.000128083557
0
0
0
0.257421434
14.6476631
14.6314669
17.473259
17.4380627
16.5386429
16.5989971
14.7533627
14.7556219
15.9337816
16.1700592
10.2880363
10.2791653
9.85759258
2.83596087
2.89522123
1.91721928
1.87198782
2.97492099
2.99594021
3.19331861
3.23509884
2.64050198
2.63243985
1.95831275
1.94879949
1.51160038
1.7742995
1.79022014
0.840495586
0.893730462
2.6734426
2.67194796
1.14741576
1.15072715
1.5957098
1.71198428
0.300904304
0.285820782
2.8548305
2.4990871
2.46541429
6.69407892
6.82670307
7.29874992
7.53771973
3.5145998
3.76391268
3.77745533
4.00905991
0.553811193
0.523293674
1.32442284
2.77364945
2.66716433
3.38418913
3.41958284
4.07288027
4.07213688
4.77408314
4.92289639
3.21209908
3.42244196
2.96849704
2.92810249
3.17493248
3.86239696
3.85948443
2.19603324
2.21849251
2.73159003
2.80065751
2.98951578
3.03111649
3.23209429
3.37065387
2.88719273
2.85497189
2.28508019
3.92086887
4.00005674
6.72539902
6.77998924
5.06115913
5.12853146
6.69167137
6.72626638
12.242692
13.2972031
13.2164297
12.5839367
12.6455822
2.05399132
1.97767341
3.0167973
3.07243657
0.908618033
0.860403776
2.43732572
2.46813726
4.84308529
4.87576103
4.05214071
4.12066841
4.2633543
6.05570745
5.99702072
8.87014771
8.90533257
13.6854048
13.7624331
14.1849184
14.0875101
14.6061811
14.3871384
7.26472807
7.25521088
3.97312284
4.31958199
4.19458628
5.37153912
5.75892067
5.44829178
5.57029629
7.49302244
7.47215605
3.56944847
3.2977488
2.36581826
2.43580127
2.85259724
1.22065258
1.18695688
1.3211087
1.43532598
0.329999119
0.351495624
0.661620617
0.660351694
6.60163059e-05
0.000344694447
0.904407203
0.97139895
1.61754858
0.455861092
0.441886365
0.000571475946
0
0.076442197
0.0696432441
0.373054624
0.366438359
0.0788006335
0.131620884
0.0004679267
0
0.0268076714
2.39009666
2.39504933
1.14919555
1.02614212
1.39230037
1.30336726
0.731416941
0.6909343
1.93245006
2.05548716
0
0
1.15519047
4.91929722
4.9533062
3.89242411
3.80757761
4.03182507
4.0885067
7.30531216
7.42072773
4.74621677
4.82491589
11.9083872
11.9521351
4.38654995
1.11261582
1.16199028
3.07611299
2.98992777
1.39100027
1.25397396
4.04885483
4.04264212
1.21034002
1.33423913
1.94241452
1.83495402
1.31181812
3.99915743
3.86441779
5.07221413
4.77985096
5.38534737
5.47744322
2.24352288
2.18637419
4.97514343
5.25256634
3.26099658
3.24045753
0.296493381
8.16034126
7.98277569
6.58493614
6.72577858
8.36190319
8.64829636
9.35499573
9.59863091
10.014307
9.97415352
12.8368111
13.6238775
9.41765594
10.8769464
10.819025
3.26448059
3.1550777
7.33451748
7.31502438
8.68486023
8.75700951
12.4562454
12.5727711
17.06493
17.4306526
11.8404408
2.82792211
2.74665165
4.04372215
3.97731495
1.16863227
1.1840241
5.71788883
5.75441313
1.46504104
1.43569779
2.67350006
2.70769358
1.04404533
0.553851724
0.536186039
0.935472429
0.877657473
1.61995983
1.5405798
0.123848967
0.0371367373
4.88923979
4.74117136
2.30685282
2.5072999
1.49450803
34.0317917
34.0862617
25.3449688
25.0614891
10.9750271
11.3231544
7.3537488
7.28843498
16.4686737
16.3359795
7.32863903
7.30617714
13.3043499
5.20653725
5.30580854
2.93044281
2.83006144
2.82114458
2.59988666
1.81906664
1.93598688
5.17666197
5.24099112
3.57048202
3.48880529
1.49187779
0.723231733
0.689045548
3.04617643
2.99527264
2.09486604
2.05096817
2.54491043
2.55278778
1.40747344
1.41711771
0.506833375
0.493041128
0.534797728
0
0.000164943733
1.72306728
1.7730056
3.42270207
3.65880418
1.56252015
1.42905664
3.58678269
3.6403892
1.587502
1.85778499
2.47264981
0.611657143
0.608607948
2.15983963
2.38532519
2.78561783
2.82170582
2.40905714
2.38409567
4.08438969
3.96883106
2.05048752
2.14132595
1.73498344
1.17687011
0.971283078
7.57130718
8.00020695
3.50614452
3.57199955
16.376112
16.5150795
4.94335127
5.81570387
8.97436714
8.68888474
8.66192245
4.86768627
4.95975542
2.30950737
2.37511683
4.92789364
4.79220438
2.2301085
2.36526084
5.81413364
5.95222378
8.30932522
8.51281643
6.95532417
10.7425385
10.6812277
4.42668629
4.44533205
10.8288975
10.7135439
12.2035351
12.5561314
14.5103722
14.8998814
17.5202198
17.3902817
16.9453278
6.96757126
6.96642971
4.68323517
4.72750854
3.90214252
3.77349138
3.72734451
3.7873199
3.43123126
3.34339762
4.58082008
4.45965338
2.88127923
0.587179661
0.420795619
0.411767423
0.424484849
1.49668419
1.46161532
0.982952118
1.07729006
1.11141717
1.13079
1.46172023
1.49110031
1.34551167
3.231951
3.36643219
1.57566214
1.48452687
3.50711036
3.25069714
3.67421341
3.70861912
0.398494005
0.546031654
0.604504585
0.645025611
1.6597414
3.18301225
3.33482361
1.77388859
1.60253215
1.95872784
1.94007254
2.22936249
2.19335222
2.80396032
3.09647608
6.86188602
6.73812151
7.08104563
30.8859329
30.8509083
36.4379997
35.9534187
25.6879845
25.3590622
26.5343704
27.1696968
21.7520008
22.1161995
23.2566948
22.8301201
23.4999294
11.5166903
11.5747585
14.3338394
14.3410959
10.7646303
10.2136822
10.0839005
10.0600491
8.03468132
8.01149368
9.97649002
10.2318602
20.4279461
10.367836
10.3164539
7.66578197
7.78135014
0.0976199731
9.97118186e-05
3.70353746
3.74273872
0.365240544
0.448412448
3.25941467
2.98006535
4.57187366
5.32483482
5.39427519
3.24808097
3.20318389
0.64697063
0.658568799
0.384964079
0.404804915
2.7345376
2.86580157
5.95206594
5.88106012
3.01028442
3.96474504
3.7851119
3.1554575
3.05847907
1.88591003
1.65933871
2.26262712
2.25993061
6.19691564e-05
4.55547633e-05
0
0.000186510035
0.891619444
0
7.63085045e-05
0.700896978
0.722490251
1.30267656
1.19714129
0.404323637
0.420500129
2.24399471
2.39437914
1.16322827
1.16351855
1.15986037
6.64925861
6.46267128
8.9738512
9.09426212
5.29051113
5.44542646
10.0190601
9.90881824
6.63146305
6.64968395
7.41385555
6.93859529
8.72675037
3.58741665
3.64572835
3.1901927
3.09607148
3.60936069
3.3087821
3.16698503
3.15082216
3.4446075
3.12677956
2.46437788
2.51536846
3.27682066
5.09644508
5.15579033
1.67394352
1.71193826
3.97714496
4.06308651
1.75355387
1.82107759
7.80880404
7.68171263
2.44647026
2.75938559
5.0643816
5.35708332
5.6953125
4.83308601
4.50498486
5.64262104
5.3931694
5.27419567
5.42175484
2.02660847
2.06331563
1.58037174
1.60618889
1.23784995
0.16485709
0.191041991
1.45459354
1.32772624
0.153935656
0.143319055
2.52671475e-06
0
0.478620142
0.634204209
9.21505489e-06
0
0.222613573
2.33505535
2.22304058
3.20362949
3.10633159
2.84191179
2.82650614
1.56056678
1.58678985
0.850426912
0.573289275
1.42367697
1.72983265
1.93426228
12.1780214
12.254056
9.17714882
9.16284847
5.92479563
6.00128508
9.81670094
10.0230427
1.18678546
1.09750009
2.52840829
2.48295021
4.0072751
7.40499735
7.49065828
9.11521721
9.03174496
9.37812233
9.69561958
5.5212822
5.5150156
6.36878777
6.48558474
10.7353344
10.3996058
6.44510269
7.98360348
7.88851452
13.1335459
13.3963156
12.4859619
13.0538502
13.0430803
12.9905758
14.7261305
14.8389072
14.4345751
14.3693056
13.2668123
4.94850588
5.28769684
2.30955267
2.32051516
2.32263184
2.27672124
5.46547174
5.60270119
0.788756192
0.745579481
0.7387712
0.75214994
0.748027623
3.48807573
3.48783517
6.70194149
6.71318245
5.82282114
5.666924
7.52271175
7.67517471
9.68921852
9.8834486
8.57797241
8.41449261
8.72572517
14.6749439
14.490243
17.9760666
17.794445
11.4264488
11.3434219
14.5795374
14.4047871
22.5822334
22.3960381
15.0935163
15.2756596
11.9903736
3.46589589
3.43882179
6.04581308
5.99014282
2.78928661
2.90390539
4.59567118
4.58292437
3.9654026
3.83626103
6.66364956
6.80282593
5.53364277
4.18747425
4.19626665
6.57975578
6.64368248
6.71278858
6.77947855
4.59910631
4.57489538
5.82941866
5.77740479
3.24742198
3.19949102
2.98870444
6.3520174
6.3564415
8.32732296
8.36419392
5.18467188
5.25528383
4.64019918
4.66102409
5.4423151
5.5489397
3.32106876
3.36626244
2.29443192
8.35706806
8.27865696
8.92409134
8.95877838
7.76983643
7.79672909
6.6908145
6.59534121
7.17605114
7.0655365
5.20393276
5.28411531
6.3997345
4.67657709
4.2999959
7.32845879
7.54063034
4.57493496
4.41364527
6.26996279
6.00006676
5.36993027
5.87141132
2.6209414
2.1759901
2.05250454
4.09191656
4.13926458
5.98095703
5.95688486
4.58837414
4.61118174
5.8974123
5.98044968
1.47471952
1.3384949
7.59649038
7.67096519
8.92348862
12.0032406
11.9008045
6.59704447
7.03590488
13.1225014
13.9458981
9.13790894
9.16118336
5.56101942
5.19205141
8.59589958
8.75931454
6.58610153
6.12441969
6.36266804
0.67397064
0.603950739
0.919106781
0.972505689
3.98367882
4.1619978
1.93224168
1.86398208
3.1895442
2.91286325
3.69775629
13.2540569
13.1949205
7.84463406
8.04229641
1.20774734
1.11168718
5.1615715
5.04549026
0.233047187
0.249470294
0.481582791
0.297565073
0.200805739
2.137398
2.08863878
1.0898509
1.15577292
0.554038405
0.467374504
1.54987705
1.60993397
0.489540845
0.437165797
2.61542511
2.70527029
3.61043382
0
3.89617053e-05
7.37062874e-05
0
0.000215901528
1.23719192e-05
0.126219451
0.130008891
0
0
0
0
6.31247894e-05
4.6918602
4.58893013
23.9935589
23.4723606
5.47807741
5.86147022
4.56169224
4.64214802
39.3580742
38.3227158
25.5028572
25.6220932
24.6316738
2.343822
2.40874791
1.36239207
1.20630836
0.619416356
0.595649362
1.13282943
0.994977295
5.22424173
5.37335205
6.29107952
6.35389614
7.94396448
1.1230967
1.0805316
0.691195488
0.809734941
3.07750082
3.02749348
2.09419394
2.02707148
4.46282387
4.81001043
4.5945158
4.57575989
4.89867353
12.6725988
12.7381344
9.76967716
9.3285284
8.15652657
8.16766357
10.9954491
10.8770161
7.89922714
7.5606842
9.28341579
9.43393135
9.60198402
4.85586786
4.86291122
6.52966833
6.46924019
9.9837122
10.3270836
2.82553577
2.91565275
15.0336094
14.8204556
12.8415537
13.2353363
12.371212
3.12007475
2.84580898
4.2630558
4.42520714
2.44057798
2.41928601
1.8866595
1.67087126
1.71613574
1.80718458
1.34194732
1.34648335
1.61552668
1.06304896
1.03161907
0.703052282
0.739501059
1.3218168
1.30420542
2.63309431
2.59498739
1.17940891
1.12581754
1.02192914
0.986072183
1.25047171
1.97434747
1.9300878
1.88801742
1.99569917
0.759202957
0.813616633
2.68409967
2.64735317
2.65902925
2.86937785
3.14351463
3.15058017
3.30445719
7.99564552
8.10912132
5.90152359
5.73797512
3.73598433
3.7477684
4.23923874
4.14019346
2.62542629
2.50343776
4.48127937
4.57911062
3.88553262
4.15351486
4.38983345
1.23043048
1.2146275
2.82021523
2.79026341
7.03335762
7.11598539
1.50989628
1.44298077
3.38068366
3.36756182
1.46128821
0.570067823
0.440467954
0.504387796
0.588328063
1.57593346
1.66266489
0.335475296
0.383359045
1.04664779
1.04556382
0.377677411
0.388483167
0.389183044
8.2607317
8.16499233
6.67506123
6.54895926
7.4754734
7.34505558
12.5457411
12.4600067
5.43608618
5.72084141
4.32011318
3.83613348
0.0596390814
20.3476505
20.5845089
20.7728462
20.3692627
12.2988443
12.1408634
5.41348457
5.14559841
6.34766388
6.43808079
12.7674618
13.153616
22.6675434
2.49468708
2.46443701
0.781817734
0.768315792
3.63121653
3.47092342
0.631247759
0.672011197
2.38057995
2.33128524
0.519704103
0.515832961
0.511607528
3.91479397
3.79945993
4.37378216
4.55436277
1.12323189
1.1520561
2.18691015
2.1891439
1.74026144
1.62014627
2.00876665
1.87579966
0.648689151
9.02821064
8.95716953
6.70197392
6.61326981
6.5345211
6.36494541
5.74705315
5.73080873
4.63277197
4.41709518
7.09463072
7.28262901
6.42234278
11.7886829
11.4624662
7.31688881
7.44929075
7.35774994
7.32917261
10.4715548
10.2507877
6.56305408
6.70488262
6.69951439
6.57682896
6.65002251
3.21396661
3.28477263
2.57535052
2.49754715
1.76506996
1.71638334
2.10041237
2.08837986
2.73086715
2.82022738
3.27257037
3.23195791
2.27790308
10.7097321
10.9133778
11.4249592
11.5385904
8.8113966
8.85905266
12.5128241
12.2978868
5.92319012
5.8951273
4.97645569
4.72479916
5.70913601
3.0863657
3.11982775
2.36966729
2.07318044
1.30638838
1.35795271
2.10404038
2.14030552
2.67302704
2.72878194
0.279965013
0.264153421
4.43588257
4.32208538
4.61421061
2.80219054
2.53289151
1.77533615
1.93789113
2.89719868
2.81376958
3.49392128
3.4733479
2.42753267
2.36953759
10.9164085
1.20532191
1.22676063
2.07177472
2.10191011
11.4029999
11.4093447
10.6787338
10.7057371
4.53426933
4.34571743
1.61983514
1.68125439
1.50777805
3.73325372
3.49775362
6.11386919
6.32951212
6.17360497
6.09428835
5.5031743
5.39178848
4.98415899
4.9911375
5.18459988
5.40974522
5.67123461
1.25793433
1.29778755
0.701663673
0.700252593
1.03686762
1.04362881
0.415980309
0.426518053
0.145318732
0.186562762
0.505975664
0.496446401
8.20727348
2.43087339
2.45259714
2.53099823
2.55171442
1.96967077
2.02808261
2.18176579
2.10314679
2.27219009
2.30288863
0.498678356
0.464214593
0.704631805
13.4058771
13.9043427
16.7069931
16.4415283
11.9746065
11.9388676
18.5893059
18.8076859
13.777914
13.2744198
16.8382568
16.3853455
11.0714931
4.45320702
4.30398226
6.38216734
6.49298096
4.70394182
4.78448963
5.42154598
5.34516859
4.26606703
4.33480406
4.26071978
4.38613558
3.94262815
5.49355698
5.49697733
1.07743633
1.21923971
8.61188507
8.43472099
6.14484835
6.23927832
2.71858144
2.31230903
2.0780673
2.17803764
0.498800784
2.31879663
2.26599836
1.63819516
1.69010639
2.36188531
2.29762959
1.20196187
1.1200273
6.86591148
6.73428392
1.68313408
1.86294627
2.09072661
