0.131177172
0.426296741
0.420041531
0.199530616
0.706187904
0.0197968893
0.483110994
0.675590575
0.526546299
0.560547352
0.233359188
0.340799004
0.18758437
-0.0498039685
-0.18680799
-0.0748453736
-0.160844356
-0.315623164
-0.643456161
-0.691171944
-0.479088128
-0.498939395
-0.724201918
-0.670233369
-0.504977167
-0.509029627
0.134784624
-0.030435089
-0.132604599
0.199271128
-0.0192917585
-0.26905182
0.0259376243
0.409749061
-0.371875584
0.453874856
0.196966767
0.106829293
-0.0302437916
-0.0178196114
-0.000671193935
-0.0533618927
-0.015724998
-0.0059260861
0.0227353293
-0.13361074
-0.137039334
0.0656019822
0.0755373463
0.0194533616
0.0660030022
-0.102029413
0.297104269
-0.122578606
-0.125943571
0.032997977
0.204130605
0.0946052894
-0.0155674731
0.0339147784
0.181613624
-0.280428559
0.131105825
0.00620575901
0.106640257
-0.161356688
0.887236118
1.07515824
0.829261303
0.201783001
0.389068455
0.848263323
0.771906435
-0.0945409238
0.35086453
-0.0339069963
0.613370836
0.48963058
0.599789023
0.396598488
0.473522782
0.426477611
0.657137513
0.612417161
0.598056853
0.773178101
0.42254281
0.906283498
0.699186563
0.663375139
0.632870317
0.057230629
-0.17694664
-0.228480756
0.0678091645
-0.454380035
-0.0971466005
-0.132617891
-0.204270259
-0.155816421
-0.481104404
0.0716848746
-0.439999551
-0.105174921
-0.689215481
-0.753586709
-0.764299154
-0.645830333
-0.677685857
-0.653548181
-0.61169225
-0.508571386
-0.582455635
-0.580844462
-0.796216071
-0.549787104
-0.517387092
-0.278241336
0.0187754855
0.0206346232
-0.158203825
-0.0764630213
-0.203492239
0.114213355
0.042068705
-0.136651739
-0.0577584878
-0.0475504734
-0.0468658395
-0.336685568
-0.148473129
0.168480933
0.446130663
0.330342978
0.265883088
0.312592834
0.398083299
0.260929167
-0.166762203
0.23033458
-0.117424361
0.00377257844
0.251833498
-0.374367118
-0.299135268
-0.199214131
-0.269289762
-0.252447605
-0.450479329
-0.178901687
-0.126346454
-0.393186539
-0.0356265567
-0.487777621
-0.154106751
-0.136945844
0.951881588
0.435483545
0.386021018
0.436545223
0.302808344
0.280728221
0.646570563
0.701113284
0.35408482
0.209049433
0.322413921
0.483896643
0.454801559
-0.0401028395
0.283195347
0.352986455
0.23949182
0.242537424
-0.0782656595
0.356743425
0.743804872
0.302395076
0.457632154
0.442257106
0.467092425
0.229820773
-0.160074145
-0.222240418
-0.264634579
-0.304791659
-0.345604509
-0.412654638
-0.475428134
-0.508989036
-0.343481451
-0.43662411
-0.519626975
-0.682943404
-0.465894014
-0.210634261
-0.200854495
-0.200019494
-0.238783732
-0.241369084
-0.248345926
-0.410142422
-0.220581725
-0.084372744
-0.394726306
-0.204049811
-0.272947311
-0.174713522
-0.429228097
0.444862843
0.567284107
0.0739646256
0.258760482
-0.174558416
0.541486263
0.544610977
-0.121036716
0.420968145
-0.434123129
0.33917585
0.225541562
-0.586523831
-0.41120711
-0.294118553
-0.303901374
-0.375425875
-0.276067048
-0.269785672
-0.305307508
-0.5428859
-0.483180135
-0.614190519
-0.24451302
-0.100429155
0.103928499
-0.0297079235
0.0816463158
0.0260049254
0.174244002
0.163051322
0.169920608
0.103998788
0.211704552
0.454518795
0.259555936
0.167397991
0.233842701
-0.0801738724
-0.0286043044
-0.0869401991
-0.166596681
-0.103169426
-0.115513347
0.0897031352
0.00934639666
-0.0973813608
0.119442821
-0.012362048
-0.0545159578
-0.0697256476
-0.743427634
-0.814460874
-0.77836436
-0.663182914
-0.763362229
-0.619280875
-0.600277603
-0.683715343
-0.501825929
-0.565799177
-0.65326041
-0.626882732
-0.547469616
0.0902403221
-0.114842638
-0.0823219344
-0.0244856682
-0.0972026139
-0.0413255431
-0.100205891
-0.171100304
-0.147594631
-0.188964635
0.00179919414
-0.0202053096
0.0437568799
0.328226089
0.230845869
0.33831355
0.385080785
0.309703737
0.372463912
0.431957573
0.428739637
0.300447732
0.160801128
0.251301229
0.222588852
0.38375923
0.0108979484
-0.275232285
-0.2060114
-0.181998447
-0.24620524
-0.294659257
-0.373012513
-0.195952386
0.503878713
0.618773818
0.0730328783
0.0443243943
-0.0144031988
-0.0809187591
0.154451355
0.295527697
0.190491676
0.147984937
0.301763922
0.294013292
0.141276807
0.212569714
0.00962861627
0.0454946682
-0.0303716678
0.0835270882
0.00766295521
0.0126596661
0.0499096774
0.0503939167
-0.0322528742
-0.0336233005
-0.0828374028
0.0686207563
0.0877499655
-0.184131771
-0.106004074
-0.0122244377
-0.0529782251
1.14325058
2.37193489
2.92463303
2.77085638
2.76801324
2.6147759
2.74368882
2.96528864
2.86168599
1.7070471
1.84249949
0.721197784
-1.05237472
-0.228677094
0.012224609
-0.00635215873
-0.0559765957
-0.068606846
-0.204919904
-0.0646701083
-0.0964405984
-0.190557078
-0.0247190557
-0.191669494
0.0296323616
0.0731299818
-0.376749545
-0.237927243
-0.187993541
-0.148551807
-0.460604936
-0.205951408
-0.173755482
-0.218598783
-0.512187123
-0.375852019
-0.499218285
-0.265900671
-0.0703891292
0.161178231
-0.100835964
-0.0989185497
-0.126103073
0.235296041
0.226639703
-0.0339270346
0.0877891779
0.346829504
-0.29075411
-0.476825535
0.0734229535
0.125229269
0.282255292
0.149094447
0.37079972
0.42648387
0.306289613
0.323465377
0.408053458
0.202273518
0.149997458
1.15518653
0.305962056
0.286341012
0.382302254
0.161733046
0.736367524
0.901124477
0.340710342
0.932113707
0.208353549
0.845159769
0.940091252
0.80106473
1.0170753
0.37099883
0.942951381
0.757776439
0.229482248
0.171092942
-0.0251924377
0.0319717564
0.737085462
0.103699945
0.117218629
0.134911254
0.267932266
0.0748400465
0.226309687
0.078986086
0.460201263
0.270337045
0.212589011
0.101981342
0.222268209
0.0637172461
0.1633396
0.112305745
0.0898055136
0.35542959
0.230618581
0.309714228
0.276492238
-0.130453408
0.0848987773
-0.0425510779
-0.0729669407
-0.0739166066
0.148847088
0.0569227524
-0.0922853574
-0.0837512985
-0.0374336243
0.41258651
0.00406206306
0.0399041884
0.03483814
-0.0147459032
0.398995399
0.352472037
0.233829275
0.366780579
0.521386325
0.553829908
0.278172612
-0.0762199759
0.213637859
-0.180164099
-0.00278002908
0.027210746
-0.110479146
-0.180051461
-0.294940799
-0.287586659
-0.0456056744
-0.167114466
-0.244075701
-0.187562928
0.00125342282
-0.0685726181
-0.0334688276
0.129466414
0.0289526824
-0.249978691
-0.216142029
-0.250169277
-0.274362862
-0.0826948732
-0.191828609
-0.172134042
-0.0941834375
-0.00411668327
-0.193372488
-0.0946616083
-0.241754174
-0.29033047
0.129035145
-0.437836885
-0.270214111
-0.0506245829
-0.461352587
-0.0309934467
-0.118930332
-0.315514088
-0.144679874
-0.199341491
0.2849617
-0.193659455
0.263371468
13.3196239
15.5566788
11.5562544
10.3471889
7.72716188
7.74996138
11.1661739
12.2268648
14.8629541
17.9973412
18.4285736
14.6492434
12.0882254
-0.704903543
-0.665005624
-0.706169605
-0.690747321
-0.815152168
-0.677341342
-0.82633841
-0.891111672
-0.621232867
-0.850847542
-0.695527911
-0.74056375
-0.746409476
-0.356571257
-0.322931558
-0.103370763
-0.0463414453
-0.26179567
0.0222455394
-0.0833252072
-0.280239105
-0.256426483
0.190813214
-0.345576912
-0.332379133
0.0642944351
-0.0881404579
0.0968707204
0.13427183
-0.0728132799
0.0138667794
0.0482442304
0.0551273637
0.0166400801
-0.00546456547
-0.0554522648
0.0712001547
-0.06370195
0.0407121852
-0.361231208
-0.431092709
-0.502517045
-0.531884611
0.0183711629
-0.173801243
-0.287552863
-0.280074567
-0.0721518397
0.135159239
-0.105925776
-0.347937047
-0.171500757
0.259856939
0.139462233
0.153159961
0.130835608
0.244626045
0.170647219
0.0760786459
0.0838097781
0.0524194762
0.107284978
0.0420128591
0.143483058
0.0799693987
-0.094481878
0.163598001
0.270408511
0.200635731
0.163293108
-0.00910517946
0.240838811
0.276278824
-0.453582257
0.0475199223
-0.0787416324
0.101877503
-0.012214656
0.408434242
0.014643088
0.125447646
0.113529094
-0.288332671
-0.506864488
-0.415739059
-0.169353396
-0.288441151
-0.562799096
-0.561254621
-0.350207239
-0.203911826
0.00668323366
-0.168181702
-0.115402684
-0.035934817
-0.102128692
0.056753546
-0.100777999
-0.184349045
-0.0244245511
0.146110207
0.0847849175
-0.00920083188
0.0991528705
-0.621151865
-0.247193545
-0.128903329
-0.270595431
-0.32768476
-0.365732789
-0.20999895
-0.354217827
-0.604250669
-0.350426167
-0.760956824
-0.518646181
-0.450374871
-0.113619134
-0.00512305228
0.0968601927
0.0659765154
-0.017251268
-0.0463391803
0.0183378533
0.0138551798
-0.0546727143
0.0857241079
-0.00306256651
-0.1479626
0.0227668304
-0.384309798
-0.280180573
-0.228480726
-0.223920718
-0.427998304
-0.390314609
0.0789653882
0.12074317
-0.467433661
-0.369050771
-0.240603879
-0.128410801
-0.086191915
0.0630721971
-0.0973748192
-0.142769933
-0.249118268
-0.318288445
-0.148845211
-0.253292054
-0.382278979
-0.106679976
-0.326439679
-0.197129771
-0.0870052427
0.287955791
-0.298356354
-0.371329725
-0.339591801
-0.478166342
0.144876406
-0.345798075
-0.376001686
-0.172608331
-0.113928355
-0.194447696
-0.273855418
-0.216624066
0.102804281
0.0476515964
-0.0281393752
0.0927520096
0.0470434725
0.298915416
-0.00332946796
0.0377576053
0.132756948
0.11760141
0.515145481
0.250450552
0.218597114
0.0361655243
-0.18343395
0.219084322
0.246740609
0.010773208
0.375787169
0.101132795
0.192889705
0.150264561
0.384599507
0.0670341849
0.00230475608
-0.0731284097
-0.417115062
0.188518986
0.315178126
0.343158394
0.174983695
0.136764437
-0.0398128852
-0.0171007514
0.213827342
0.161299139
-0.263910592
-0.148825511
-0.0368855298
-0.183405355
0.194841743
0.174253821
0.160791531
-0.00638163416
-0.0506465398
-0.0455173664
-0.0538125448
-0.0531974472
-0.171478674
-0.161876738
-0.271192104
-0.315501451
-0.331642866
0.0407177433
-0.225862384
-0.169343591
0.00773411384
-0.37329489
-0.0220886916
-0.13486883
0.0100269858
-0.0519867316
-0.105232626
0.151212797
-0.0721621886
-0.0847125649
0.397562414
0.483840942
0.687247515
0.704201519
0.103187457
0.655725956
0.693373084
0.783653915
-0.349120498
0.816594303
0.628418803
0.0245748088
0.171107143
0.303467989
0.21766825
0.215591013
0.39015618
0.114397854
0.00638281088
0.181407377
0.0300345235
-0.445525825
-0.578033447
-0.291048616
-0.210260943
0.0434277914
-0.085247308
0.0787969157
0.181327745
0.109802097
0.129481852
0.0674386173
0.162366122
0.276611894
0.0195063483
0.284675896
-0.0146017037
0.12559557
0.0733052492
-0.0538249314
-0.00580702303
-0.0132077485
-0.0233138278
-0.0446238331
-0.0368881263
0.133699745
0.0757554248
-0.133910775
0.249398425
-0.187274739
0.365034372
-0.0345470384
0.105806321
0.0267805066
0.0427151881
0.108612008
0.199637026
0.108332157
-0.0705381557
-0.0276047271
0.076331377
0.0102220643
-0.0736587122
-0.0691650063
-0.107544959
-0.277476192
0.95380348
0.732861578
0.272667021
0.505453467
-0.11306797
0.857306898
0.725571394
-0.102586783
0.505358398
-0.369304687
0.471524149
0.476480573
0.429379135
0.278903961
0.252089888
0.300875485
0.329282552
0.336555719
0.244213969
0.409490556
0.440020859
0.323140025
0.634965003
0.336386532
-0.0511881486
-0.408380866
-0.294880658
-0.555485487
-0.452401549
-0.356923014
-0.55193305
-0.564043939
-0.536342323
-0.249996156
-0.330380946
-0.401418298
-0.25170204
-0.622546494
-0.667549789
-0.384323955
-0.534287691
-0.612827063
-0.0350044705
0.244632989
0.231245071
-0.0295717008
0.0588667132
0.248666465
0.398598373
0.0523823984
-0.026395876
-0.150088534
-0.0691659003
-0.0728213191
-0.138129652
-0.259092361
-0.347443581
-0.055864349
-0.0298603866
-0.487990856
-0.120254003
-0.246361196
-0.0204099566
-0.217316151
-0.428111464
-0.0499241985
-0.0680325255
-0.217098251
-0.176291019
-0.3187702
-0.129346818
-0.265797943
-0.525046349
-0.107234702
-0.429644495
-0.168594524
-0.268592
0.126947671
0.210460529
0.234655723
0.239288479
0.119660281
0.176898986
0.121324055
0.122635797
0.0272049233
0.203684464
0.0233682264
-0.0761292949
0.0227352027
-0.256459773
-0.241388544
-0.185718015
-0.627885401
-0.0144495787
-0.0583955869
0.0722121224
0.187712476
-0.216189414
0.148975819
-0.0500182658
-0.00604626024
0.262768775
0.0813174546
0.0584032051
-0.00913093798
0.020949224
-0.0737770349
-0.06615334
-0.132591322
-0.137326419
-0.198795125
-0.116802543
-0.319531381
-0.475146174
-0.527548909
0.078325808
-0.160213158
-0.11170879
0.0140107526
-0.0576155521
-0.0542038083
-0.083690539
-0.0823813602
-0.227271289
-0.117646962
-0.259628505
-0.116768681
-0.157390788
0.224059194
0.421216458
0.242110834
0.371783823
0.59084636
0.0396794714
0.179223448
0.351537585
0.0228532087
-0.124065481
-0.0157181546
0.360483617
0.291663617
-0.0965189934
-0.715009809
-0.751529932
-0.610897005
-0.0864096731
-0.502446771
-0.315364838
-0.292058021
-0.237622604
-0.298611522
0.061610207
-0.378905147
0.104659058
-0.0930876508
0.214680329
0.155092552
0.248671889
0.484908581
0.748402834
0.84630841
0.558759034
0.388403356
0.974858582
0.768865585
0.772208333
0.661097169
-0.631188869
-0.371505231
-0.528283298
-0.683957875
-0.101157397
-0.280924082
-0.377335221
-0.146861359
-0.32742247
0.118224069
-0.360388041
-0.544150472
-0.548166513
0.0340220109
0.0542553589
0.0757328793
0.0396148749
0.135658592
0.0645969436
0.175536156
0.299171358
0.365725935
0.324115455
0.364189386
0.0987411067
0.158105046
0.0642295331
0.207678661
0.199453786
0.125079721
0.0224251933
-0.00401010178
0.0788976401
0.0314889774
0.277742684
-0.0750763565
0.0685982406
0.0093016047
0.142588124
0.30104813
0.421940535
0.350022018
0.224741951
0.321700364
0.119610049
0.0897661299
0.202457979
0.235064939
0.164685369
0.142523587
0.251061916
0.0696058944
-0.0837791562
0.15101558
0.182774588
0.0473921001
0.220736742
0.258747786
0.203012764
0.183708444
0.297641695
-0.0190878548
0.0978100896
-0.171157792
-0.00404328061
-0.212476939
0.614628315
0.202177793
0.0880888104
0.184574172
0.0502315797
0.0943012759
0.0412214994
-0.185161531
-0.032826893
0.0682970732
-0.0930154547
-0.102212302
0.473329186
0.665259778
0.680430353
0.550577641
0.176027209
0.46429801
0.495736778
0.547723413
0.342785835
0.474976689
0.489770621
0.563239932
0.5554052
-0.524747431
-0.0189962834
0.16187568
-0.100291193
-0.164578512
-0.101286694
-0.0476088896
-0.18725197
-0.297354877
-0.0819130987
-0.638527095
-0.0549873561
0.15821293
0.213300094
-0.253711075
-0.380217493
-0.33803919
-0.0588998049
-0.358337402
-0.319614589
-0.205614895
-0.159108043
-0.54550904
-0.0249668006
-0.151626572
0.0994059294
0.107285671
0.189178169
0.217367589
0.185154498
0.0768347085
0.0712088272
0.100106582
0.165306479
0.173631981
0.223124817
0.00139789237
0.177241176
0.194780692
-0.070735991
0.0738273114
0.0694661587
0.0490237772
-0.100343645
-0.147611529
-0.0973941758
-0.163689315
-0.14226608
-0.222464114
-0.121689089
-0.244802624
0.115979545
0.0674922764
0.193034425
0.0993833169
0.182770222
-0.00918054394
0.195433006
0.138062775
0.0782331899
0.0824554488
-0.0298909843
0.0548156239
0.198977321
0.113959707
0.149072602
0.0618979372
0.0603553019
0.0869933143
-0.179222405
-0.12109454
-0.0537199229
0.0311118551
-0.189703092
0.197732672
-0.08767654
0.170208544
0.219586059
0.182921275
0.254588544
0.100035816
0.308062017
0.10849569
0.279402286
0.170677409
0.206798315
0.146855235
0.0208745692
0.293334574
-0.027863685
-0.0614076592
-0.173046514
-0.288612545
-0.227862448
-0.0757044628
-0.0874316916
-0.306634724
-0.13899745
-0.0388288274
0.0285523869
0.102466732
0.17420879
-0.0406868607
-0.231782839
-0.0642420575
-0.133977219
-0.127034292
-0.104478344
-0.0908603668
-0.148720324
-0.19314824
-0.189560562
-0.0516330376
-0.108802781
-0.207204565
-0.228419185
-0.205384925
0.00576576218
-0.0414509363
-0.0466880724
0.138559282
0.0568364561
0.242244139
0.348831505
0.289733738
-0.106673777
0.430755734
0.138985097
0.280788183
-0.149147108
0.0653842464
0.735652208
0.655189455
0.376017809
0.652139843
0.481285989
0.991481483
0.819215
0.0994384736
0.739150345
0.220402583
0.984878361
0.59160614
-0.867116511
-0.0605771206
0.0163491424
-0.153735235
0.280453116
0.0706420988
0.191586688
0.154056415
0.463190138
-0.367988974
-0.27258113
-1.06216097
-2.07998419
0.00617386121
-0.129775062
-0.036900688
-0.0613893829
-0.425571531
-0.0442641228
0.225273222
0.205572844
-0.0260819998
-0.0370208584
0.349230766
0.121103063
0.32943669
0.062989071
-0.0487270541
-0.197943479
-0.143889368
-0.167302325
-0.0861863792
0.0440054722
0.153768152
0.450584263
0.104725905
0.147097737
0.511271954
0.240114152
-0.330564827
-0.262867928
-0.162129551
-0.360279679
-0.299932688
-0.285867572
-0.284043819
-0.299036384
0.00871757045
-0.0182735045
-0.0256880298
-0.0864926502
-0.15331921
0.11267484
0.0914319083
0.236368909
0.226733387
0.381618142
0.0348347388
-0.019273147
0.10668952
0.206500381
0.147032857
-0.0347553678
0.351208657
-0.0134846391
-0.00117704377
0.0355003364
-0.0121837305
-0.00272670062
0.188641086
0.0309914853
-0.3399809
-0.263696283
0.14816466
0.0508794338
-0.169048682
-0.30143252
-0.42209962
0.172253206
0.119183503
0.0213674009
-0.199002028
0.270532787
-0.293718457
-0.038782984
-0.216000691
0.455795437
-0.348409444
-0.0148704778
0.504950941
0.288143843
-0.0582091995
-0.0061397911
-0.0298857484
0.00485220598
0.127626911
0.00821325649
-0.0370919704
0.000740581308
0.015518276
-0.243941188
-0.110928014
0.119469009
0.00985010527
-0.812213719
-0.363748878
-0.426330626
-0.520648658
0.0537137501
0.294249743
0.376371682
0.102144226
0.10566096
0.364252001
0.406830162
0.161807165
0.123145305
-0.0719140768
-0.000683759456
-0.054971125
-0.0418619215
-0.143637747
-0.113024779
-0.195558026
-0.222837597
-0.479495108
-0.350799114
-0.296482772
0.00539741945
-0.129129142
0.277648389
0.149225906
0.41934973
0.445753932
0.274553865
0.411372036
0.337539405
0.489149421
0.129806146
0.356953502
0.428338706
-0.0772813857
-0.35940069
-0.0486770011
-0.0746308342
-0.0700169727
-0.140463203
0.00742632663
-0.0488900319
-0.185804084
-0.0661631525
-0.0499952435
-0.0394067504
-0.151414141
0.00315121771
0.140313506
0.326690733
0.0632371604
-0.013093479
0.0995510742
-0.0901069343
0.195940748
-0.0183964819
-0.172358483
-0.121062614
-0.167365238
0.098738648
0.129619822
0.208092913
0.202852041
0.16423519
0.206823438
0.0563722514
-0.0307004694
0.143567547
0.137915388
0.189167276
-0.349265963
0.172089249
0.22963132
0.227337092
0.345467269
0.0614781342
-0.261291504
-0.156763509
0.0548869148
-0.132398456
-0.301871955
-0.300650924
-0.0974088833
-0.187870935
-0.0600741394
-0.160893977
-0.0796492547
0.0691850707
0.226251259
0.111999467
-0.0189046431
0.0360764302
0.239119485
-0.0720028356
0.089989379
0.25036934
0.455756396
0.326005757
0.273601353
0.232839689
0.116991192
-0.493091077
-0.218736053
-0.186508209
-0.157868817
-0.200251788
-0.0268755779
-0.146816343
-0.13500233
0.216478363
-0.10788206
-0.166999742
-0.234013572
-0.221060112
0.128024831
-0.0446869023
-0.125822112
0.0114023881
-0.233831972
-0.140706345
-0.316496789
-0.224536583
-0.595902443
-0.515541613
-0.133133709
-0.0729290396
-0.0311728884
0.202736735
0.0950997323
0.417706668
-0.00799100939
0.323529422
0.148627684
0.0211962108
0.0588211864
0.210630789
0.149567902
0.150546893
0.124098174
0.0827186406
-0.0756126419
-0.154313087
0.0543423332
0.172470212
-0.481316298
-0.156238347
0.21090287
0.180180728
-0.351167798
0.168414086
-0.12549524
0.109419025
0.0265257619
10.5402308
9.06123543
6.0015049
3.74318814
3.03212309
1.87576962
5.62116098
5.85292196
3.8191824
12.5544481
13.5074329
11.2413092
9.60979843
0.0765104517
0.0281831268
-0.00714622857
-0.0560154915
0.0148976352
-0.114319779
-0.098919332
-0.0861528516
-0.195436448
-0.219809368
-0.209279582
0.118512504
0.0160871278
-0.19723855
-0.00536670815
-0.159037679
-0.378947556
0.0105379345
-0.0281299502
0.0965523943
-0.278602451
-0.241796732
0.181752428
-0.139830679
-0.0439315625
-0.0326664262
0.25810957
0.269522339
0.298467845
0.349238127
0.365615517
0.402638197
0.224274382
0.245563805
0.331197321
0.0465524159
0.128140047
0.32523495
-0.0274823252
0.0347675495
0.0842067972
-0.0362671763
-0.0598826446
0.0899498537
0.0210702252
-0.058687225
-0.169130147
0.29853338
0.528532565
0.223533928
0.231240034
0.229311407
-0.807031453
-1.29778337
-1.63360691
-1.70182276
-1.69088984
-1.78590727
-1.47265828
-1.56668711
-1.73799217
-0.995947063
-1.35296333
-0.459185392
0.153796896
-0.419316798
-0.368073463
-0.297502548
-0.0659025162
-0.686127484
-0.152546108
-0.235458747
-0.267788053
-0.305661082
-0.263921648
-0.348152131
-0.34668988
-0.438291281
-0.353268594
-0.107523814
-0.306326866
-0.3662889
-0.12116617
-0.263173282
-0.246274665
-0.132396996
-0.116331972
-0.0838567764
-0.385509044
0.071053341
0.0042426819
-0.11529316
-0.292117774
-0.108299486
-0.207283124
0.210824266
-0.140641704
0.120467946
0.176171526
-0.0436814129
0.140378863
-0.0400456786
-0.283182323
-0.170078248
0.51137501
0.511840403
0.551183879
0.529550493
0.398185283
0.510545075
0.560745299
0.301463783
0.0200043041
0.312799752
0.249896809
0.244946271
0.608127296
-0.33647275
-0.206414968
-0.100869909
-0.190618843
-0.158016026
-0.229339436
-0.104668103
-0.031877894
0.0757160857
0.0935484171
0.222040281
0.193007737
0.046925202
0.254894495
-0.00510132685
0.107236199
0.313963711
-0.125692546
0.148185387
0.521050632
0.562394142
0.0186943021
-0.142856255
0.521977067
0.236696616
0.436043769
0.263161093
0.313633114
0.290968508
0.360601783
0.237066388
0.382931828
0.34334746
0.298025548
0.259779394
0.461279273
0.278907806
0.209097207
0.168186724
-0.462972432
0.309209496
0.327469379
-0.0530110449
0.367896885
-0.146963343
0.50014472
0.705145359
-0.0532000512
0.20480147
-0.291950196
0.271289825
-0.0267604198
0.148325756
0.110241644
0.165564746
0.286293924
0.236783043
0.295555323
0.495356917
0.57529515
0.0912093744
0.0259092115
0.144728139
0.215561509
0.0457382873
0.099328585
0.079895027
0.127369627
0.210394293
0.214652508
0.200216457
-0.0332166851
0.0289436951
0.212818444
-0.0554929376
0.274685621
-0.0544148572
-0.0840482563
-0.225478411
-0.377093256
-0.257557422
-0.201114044
-0.302623808
-0.154551595
-0.34179765
-0.354249626
-0.190566882
-0.32292667
-0.181701332
-0.396034479
-0.330549002
0.236745626
-0.226542071
-0.256362975
-0.167573586
0.169552132
-0.000108268992
-0.161669225
-0.0690982267
0.328993142
0.217872217
0.183129221
-0.0109799551
-0.0150085874
-0.232090726
-0.00346465176
-0.0154759204
-0.278416693
-0.183152318
-0.275983542
0.0119059626
0.0388543271
-0.104786091
-0.176807642
-0.0683196783
-0.0189967956
0.233964756
0.0301188901
0.0715031773
0.194733232
0.0763102472
0.252675503
0.0707172528
0.199327096
0.118038207
0.103411809
-0.192052647
0.0705565587
0.00231522345
0.135179579
-0.136518851
0.0425069332
-0.108992927
-0.205714375
-0.0451849699
-0.162729681
-0.11888703
-0.121943355
-0.0370242707
-0.154935017
-0.147232294
-0.0340924747
-0.055412896
0.146463603
0.233768657
-0.0718871728
-0.216944054
0.546416998
0.228098124
-0.185545549
-0.0788312852
0.260270655
0.504419625
0.178673565
-0.0462914258
0.0375979729
0.402776986
0.215444207
0.26533854
0.444669873
0.221499071
0.327723563
0.0805030391
-0.109651007
0.476084501
0.230580792
0.554717958
-0.0367570892
0.329112113
0.220517859
-0.144519955
-0.161614865
-0.167313054
-0.0768367723
-0.211170316
-0.0173694305
0.135213956
-0.16784589
-0.0481273904
-0.0925292671
0.264818877
0.103930525
-0.134212434
0.255831063
0.17598252
0.120474495
-0.257852465
-0.188540429
-0.0884410143
0.216175497
0.423505872
-0.0793695077
-0.0793073252
0.246936768
-0.00539370952
-0.0740135312
0.362413108
0.420799643
0.223940209
0.201791182
0.00656361459
0.183052331
0.287694752
-0.0371445753
0.337967396
-0.188040689
0.225760043
0.105728701
-0.218344063
-0.00167614431
-0.00124350737
-0.128991723
-0.00980722904
-0.243490055
0.16339165
0.256985575
-0.373567075
-0.0427859351
-0.146687031
0.422373295
0.23444365
-0.152835667
0.0876047462
-0.0420937203
-0.0354891345
-0.0861116573
-0.0985297263
-0.101013266
-0.101782359
0.0431141518
-0.110591009
-0.141722471
0.019356586
-0.00794500951
-0.0184432492
-0.209021837
-0.213913351
-0.0360007472
-0.0276557915
0.13181904
-0.256452084
-0.375191152
-0.0414371341
-0.200627983
0.0856857598
-0.228054151
-0.0821994692
0.346529722
0.0531426705
0.389696389
0.139976844
0.285694003
0.0504277311
0.203787789
0.118940368
-0.11128439
0.412388891
0.0250531584
0.0487345792
0.159258693
0.0023636464
0.0712142065
0.103979602
-0.076303862
0.489574641
0.0263537709
-0.204487026
-0.194824263
0.0434959978
0.0794167146
-0.0010241752
-0.194592983
-0.192176744
-0.0736658499
0.346848071
0.116102964
-0.0448505841
-0.0773507655
-0.141736493
0.0525316074
0.117719166
-0.130632237
-0.182040915
-0.0822176933
0.0149455704
-0.155125543
0.0606872626
0.0308441184
0.109894618
0.137751266
0.118944317
-0.0830680802
0.175424591
0.324980199
0.0210589785
0.330426157
0.30589354
0.231820837
0.335470796
-0.836939514
-0.701152086
-0.885628343
-0.862648189
-0.96521306
-0.915108263
-0.743840814
-0.820800722
-0.994669437
-0.823188424
-1.09545672
-0.769827306
-0.652500391
0.447682172
0.375559777
0.341755152
0.408121228
0.426040918
0.23809877
0.278867036
0.434531599
0.211335137
0.162014797
0.431486815
0.453892678
0.481708795
0.0625659004
-0.353957504
-0.333328694
-0.189580798
-0.186421275
-0.273464024
-0.417014718
-0.391946256
-0.299992442
-0.146097064
-0.149657145
-0.533146262
-0.470926434
0.314914227
0.221463099
0.302787811
0.319968045
0.232412905
0.279631585
0.192474246
0.117714368
0.120697394
0.310618639
0.217872888
0.155247554
0.179546788
0.137971371
-0.0711387917
-0.387728721
-0.342046171
-0.473717183
-0.314434797
-0.44656986
-0.142101422
0.0337356254
-0.551404238
-0.168916628
0.436222613
0.102617264
-0.0162701085
-0.0306930542
-0.0925130025
-0.121716164
-0.199367017
-0.128947988
0.00791589078
-0.00117192545
-0.281578273
0.0972506851
-0.160729855
0.123366207
0.0722417608
0.307608247
0.203369483
0.280063152
0.26664418
0.335345954
0.218325496
0.226966649
0.300409019
0.386103958
0.350138634
0.467271239
0.186563879
0.309289932
-0.0299799666
-0.100315854
-0.146186605
-0.193631127
-0.0728144944
-0.0729126036
-0.295131505
-0.117207222
-0.0229932126
-0.43451789
-0.2509422
-0.226389632
-0.175174579
0.0288883857
-0.327926904
-0.165394068
-0.192541704
0.248882741
0.235099539
-0.210740104
-0.159261718
0.419476092
0.58719331
0.106427833
0.0897990689
0.169891849
-0.259831458
-0.292091429
-0.320944577
-0.398478061
-0.0966409445
-0.333270282
-0.33455804
-0.273611605
-0.408300966
-0.241147429
-0.232724592
-0.379825622
-0.529848695
-0.414381027
-0.0516636521
-0.0811405182
-0.0510375425
-0.150851011
-0.180011451
-0.0173624922
-0.0251645949
-0.299541473
-0.0888771713
-0.48640877
-0.19668451
-0.274386108
0.158410847
0.716289401
0.769075692
0.659084916
0.391182214
0.620142996
0.552327633
0.65195626
0.233609408
0.213120922
0.173451692
0.399646729
0.124236211
0.45556286
0.182569876
0.156439796
0.169647202
-0.0177101735
-0.287414312
-0.247635603
0.0297713391
-0.187875882
-0.492207259
-0.348223299
-0.0722505525
-0.0269875731
0.0222100839
-0.0652459562
-0.0774447769
-0.0754200891
-0.180634454
-0.28138715
-0.0212333053
0.162434697
-0.787585199
-0.934944093
-0.383739561
-0.276879311
-0.196347058
-0.139495239
-0.180985898
-0.150486261
-0.208318919
-0.131070852
-0.00183735124
-0.0517165959
-0.163250715
-0.0768112391
-0.084360674
-0.0092792483
-0.136602595
-0.00101939612
0.539261758
0.344342947
0.0234632902
0.228016093
-0.233478487
0.0672702193
-0.139669672
-0.0783450827
-0.277527094
-0.535879254
-0.197286531
0.029086208
-0.0601015761
-0.0283713285
0.194937021
0.165218741
0.028105123
0.165298194
0.214786679
0.342586309
0.0962634236
0.0533401854
0.31827423
-0.077065289
0.108488739
0.132219195
0.258375615
-0.129912347
-0.201983318
-0.186230481
-0.403297663
-0.74786073
-0.491490155
-0.271845579
-0.17123954
-0.170728907
-0.763329804
-0.359587401
-0.214765057
0.283230811
0.626038611
0.629021227
0.422963291
0.376672596
0.320921451
0.778903365
0.94370234
0.216921598
0.670705676
0.503873467
0.845339537
0.757073522
-0.132374972
-0.114292324
-0.0734673813
-0.114558995
-0.110814117
-0.0561244525
-0.190904647
-0.158856601
0.0522857904
-0.142203525
-0.128944427
-0.0990424305
-0.0544545464
0.076258719
-0.139409944
-0.00790015329
0.0167238303
-0.0529047437
0.0239070524
-0.0199382976
0.0451329611
0.239312261
0.052945707
0.295138001
-0.0823039711
0.014961293
-0.293588668
-0.0306839962
-0.0786616653
-0.196462348
-0.243406951
-0.304554403
-0.280524969
-0.0858528614
-0.232596174
-0.155351728
-0.421939403
-0.232550234
-0.308947265
-0.357037663
-0.189590693
-0.118786804
-0.293261439
-0.103220068
-0.246477813
0.0335323215
0.0985929221
0.010349758
0.297006279
0.0620903671
0.0718894228
-0.103556305
0.216444865
0.0792112723
-0.00717291469
-0.0136532066
0.102810651
0.0330754369
-0.0423450768
0.00840900652
0.466992825
0.0423287936
0.272642583
0.015716983
0.181614116
-0.812946022
-0.829750955
-0.800656021
-0.892409742
-0.659821332
-0.918965697
-0.612342536
-0.608241796
-1.05847144
-0.669269085
-0.80862838
-0.412552685
-0.802387357
-0.171999559
0.126120895
0.0853493884
-0.120476678
0.059115652
0.0715039745
0.0332812183
-0.091612868
-0.0964144766
-0.0607636534
-0.323418617
-0.166608796
-0.224053755
-0.353713542
-0.481114656
-0.487143904
-0.450867206
-0.178685516
-0.13424924
-0.317997694
-0.316342205
0.115418315
-0.222353742
-0.0340941884
-0.0318325572
-0.231136218
0.201703206
0.278229147
0.14741151
0.198836997
-0.0699223131
-0.113717161
-0.0626768842
0.0119255716
-0.236149222
-0.0362884104
-0.0617005453
-0.193382561
0.055588048
-0.394134939
-0.428465486
-0.328301072
-0.52910006
-0.507187724
-0.494453579
-0.212764129
-0.291602105
-0.770949543
-0.239960194
-0.378205657
-0.231024414
0.257176489
0.193759397
0.391166508
0.501229703
0.22132121
0.0125242062
0.273471951
0.381080836
0.424758792
0.149218544
0.151701614
0.27022326
0.486420453
0.503866315
0.59439528
0.205727041
0.016077688
0.124454081
0.344805211
0.338655502
0.220908225
0.027992703
-0.014960614
-0.174698949
0.00476616621
-0.12720184
-0.0987349898
-0.117216252
0.11088109
0.11411988
0.0908010602
0.0934154168
0.0849587694
0.10329169
-0.108329348
-0.122091174
-0.154912919
-0.0975896046
-0.0976525545
0.0347008817
-0.0559932999
0.240461946
0.303046852
0.208044752
-0.153010204
-0.357258022
-0.12464723
0.0780424476
-0.200155929
-0.370796055
-0.427753597
-0.102083869
0.0754254088
-0.385367841
-0.585166574
-0.671538591
-0.74992758
-0.583722293
-0.350993872
-0.502312839
-0.408745944
-0.642057121
-0.821747303
-0.430493116
-0.0593382306
-0.148100898
-0.466746062
-0.554232419
-0.466620922
-0.649761081
-0.274820596
-0.747353494
-0.522899806
-0.549545527
-0.176998183
-0.743201852
-0.184263632
-0.239330471
-0.336435735
0.110101439
-0.090538688
-0.0265625827
0.0908207297
-0.150400311
0.135692745
-0.0620954223
-0.0522652827
0.0961434841
-0.0300266184
0.144241959
-0.0787019506
-0.0165856369
-0.176556617
-0.100337215
-0.0490975566
-0.138343737
-0.0553731434
-0.164938644
-0.0698366463
0.0295196455
0.082699731
-0.0886798277
-0.0757429376
0.118509471
-0.129026055
0.320252925
0.743255138
0.845296681
0.693638623
0.522216737
0.0751319304
0.54395318
0.616621971
0.252036899
0.454331815
0.275445819
0.268015325
0.618641257
0.197096765
0.232648149
0.288273364
0.298485041
0.183662534
0.0473449118
-0.0724026188
0.157159299
0.0852915794
-0.487108707
0.126341805
-0.226220831
-0.345040292
0.00041102033
-0.164863005
-0.161672398
-0.0972459242
-0.135324985
-0.128052071
-0.101793304
-0.190027773
0.0427421331
-0.183355525
0.152020767
-0.162227735
-0.114788108
-0.29862684
-0.19034183
-0.139617398
-0.0938236788
-0.369993567
-0.327019274
0.0154130058
-0.0199775621
-0.399007201
-0.373086065
-0.369427532
0.126134917
-0.0194170196
0.282919705
0.318921
0.421531349
0.37311253
0.371125102
0.288744718
0.396522969
1.36453795
0.0537571572
0.100655563
0.410359144
0.531746507
0.668757498
-0.235892728
0.0416573547
0.213684216
0.170782313
0.0936577991
-0.0327032655
0.220443308
0.209331885
-0.696179092
-0.0895808339
-0.306018502
0.0259598978
-0.0927644297
-0.099842824
0.0802220702
-0.0183222387
-0.14530997
0.0137432218
0.0690822303
0.194046408
0.0610991083
-0.0588587448
-0.038666591
-0.188892588
-0.0832617208
-0.164077282
-0.483836949
-0.509831786
-0.472286433
-0.555324137
-0.302527845
-0.581899762
-0.567588627
-0.390142113
-0.3190355
-0.234520197
-0.380303204
-0.286687434
-0.400808364
0.248492539
0.200258389
0.3802315
0.229069367
0.38340506
0.135561436
0.377640694
0.00363450591
0.410556465
-0.0324463136
0.182814822
0.164236158
0.362699389
0.0620480366
-0.114834845
-0.0316279829
0.0468057394
0.012045281
0.0200227592
0.0143864173
0.0780113637
-0.105545819
0.0881633759
-0.0291053988
0.137995958
0.104962684
0.0968102962
0.0862534046
0.203056425
-0.00532712648
0.078611441
-0.0910785496
0.925500631
0.459080249
-0.086049214
0.0976732224
0.427769035
0.443724483
0.474574894
0.16231297
-0.0740966573
-0.172691062
-0.120600425
0.0130798537
-0.203413039
0.00967397355
0.0489578992
0.171081379
0.283072293
-0.062587887
0.411362439
0.524071157
0.23137942
0.26960668
0.238096178
0.232574075
0.285415351
0.125372455
0.183555737
0.152669981
0.228507519
0.255245835
0.175476611
0.408955455
0.184454486
-0.0589510277
0.0534179583
0.0297074094
-0.0594966076
0.00660494249
-0.156496778
-0.0807674602
-0.18910332
-0.189106658
0.0622766055
0.0628443062
0.172843829
0.0212342646
0.0174183473
0.182668284
0.203452766
0.248488501
0.187381104
0.175143182
0.162852943
0.219661266
0.144828945
0.429336429
0.0707215294
0.421217412
0.159784645
-0.141576424
-0.150512725
-0.139856771
-0.195590213
-0.063355118
0.025021296
-0.205449909
-0.0685557872
0.0234271958
-0.201167405
0.00509702228
-0.110949822
-0.255816251
-0.218827248
0.0682275444
0.149370149
0.0693425387
-0.241715074
-0.326455981
0.144287899
0.438613653
-0.202219695
-0.129042163
-0.320014745
0.136019528
0.0945576653
-0.202622041
0.0214818623
-0.182774097
-0.237595871
-0.119333036
0.0416069739
0.0483754948
-0.214710146
-0.119607463
0.00801113714
-0.103688866
-0.1984469
-0.0874562934
-0.118074007
0.0540063791
-0.243413821
-0.00434285868
0.117209397
-0.347264528
0.254486769
0.294484437
-0.192781746
-0.227743983
-0.0436107144
0.159126043
-0.697908759
-0.0802658126
0.130221635
0.256285399
0.112198919
0.117993131
0.283255428
0.216612682
-0.00865916349
0.077201657
0.104775168
0.0301530864
-0.124171965
0.0297736637
-0.159260929
0.124307066
-0.0309796948
-0.174505755
-0.313653201
-0.228581294
-0.0525987893
-0.300744802
-0.291391194
-0.563270271
-0.484383225
-0.102942519
-0.0948306024
-0.0696460679
-0.260213315
-0.139416441
0.0833657533
-0.564120829
-0.167108789
0.0363279022
-0.167490855
-0.65517813
-0.66805917
-0.224861279
0.0880971774
0.0888477489
0.150386661
0.368582785
0.444155633
0.203965306
0.394696981
1.21435857
0.27551946
0.244884968
0.15626511
0.316850841
0.0232982449
0.25494653
0.0217950884
-0.323184818
-0.30173552
-0.373261869
-0.339650333
-0.151418895
-0.325223953
-0.132577315
-0.144784361
-0.344972819
0.109689169
-0.131358892
-0.224557653
-0.128953516
0.233916685
0.68008852
0.650539458
0.409954429
0.570068955
0.260537744
0.602925479
0.497381836
-0.00677187555
0.251002133
0.136997133
0.107391626
0.413718343
0.290063411
0.150756776
0.164246932
0.314320534
-0.0325106755
0.0856820494
0.118056029
0.142961204
-0.0659681186
0.176340163
0.0697745234
0.21904096
0.199358001
-0.107705265
-0.138628528
0.0831511244
0.103213094
0.096679531
0.0052551087
0.21814464
0.102058046
0.0373872519
0.114341013
-0.0384250656
0.198218003
0.080254145
-0.049902238
-0.0406821445
-0.0671066493
-0.00248430576
0.0366835706
-0.0690306127
-0.030859286
-0.0313727707
-0.0133844241
-0.185565412
0.00463828305
-0.276970416
-0.311278045
-0.106549792
-0.292507499
-0.336851805
-0.180062488
-0.290772676
-0.0681204945
-0.277961224
-0.304634482
0.00576106505
-0.313110054
-0.0201686397
-0.241285011
-0.24670212
0.283338636
0.512530327
0.128630832
0.0545891263
0.189656585
-0.122184366
-0.0688047558
0.138079673
-0.0346075371
0.662409663
0.0632980838
0.407804817
0.148555949
-0.27262795
0.0600695312
0.121830828
0.076665543
-0.247809589
-0.334140658
-0.00661376165
0.0107016768
-0.512254119
-0.0235166699
-0.378695697
-0.0943751261
-0.152127311
-0.274031013
-0.0244251732
-0.155263186
-0.252851337
-0.102398105
-0.359934658
-0.413066149
-0.337052077
-0.243249521
-0.362484604
-0.326328576
-0.520557523
-0.424043417
-0.331970304
-0.0493281744
-0.0896343514
-0.316289157
0.118141361
-0.241970643
0.146902457
-0.327771813
-0.519734561
-0.0721815601
-0.398070663
-0.267847627
0.094576396
0.201285422
0.236619607
0.292019546
0.219695762
0.316351533
0.299415886
0.34476921
0.333060145
0.111431025
0.14823477
0.090648286
0.0457078554
-0.0548277423
0.211401507
0.0483730212
0.0498382375
0.124806657
0.092769511
0.0645376444
0.0190345775
0.220254868
0.00373453344
0.0416736081
0.203056619
0.155861318
0.0539930686
0.443155199
0.448292285
0.431738645
0.489271313
-0.00446732156
0.187343225
0.570112109
0.518409193
-0.178113312
-0.2165571
0.219232887
0.306389183
0.229350924
0.0150126219
0.0948863104
-0.0647301972
-0.108081996
-0.00880247168
-0.0293123946
0.0568085052
0.0402596816
0.0546193756
0.111078769
0.0343257673
0.0721297041
0.0927034765
-0.486548185
-0.0377572998
0.0712159425
0.00889206771
-0.0933910459
-0.298011005
-0.107426465
0.0765816718
-0.243112251
0.00684971083
-0.375674844
-0.20912832
-0.422260046
-0.0606610924
-0.192052692
-0.293148696
-0.239112139
-0.27579987
-0.276597887
-0.115336277
-0.192725122
-0.175932914
-0.126948476
0.0503408648
-0.230865717
-0.0465638712
-0.122024789
0.0976080671
0.0665090606
0.16650705
0.201078594
0.565340757
0.617791712
0.364419103
0.224260211
0.887624741
0.624538541
0.58562398
0.555839658
0.315435052
0.251250118
0.147433847
0.197557792
0.169665322
0.0750714466
0.127992079
0.136645868
0.250793397
0.237235531
0.187414989
0.251642346
0.0460058078
-1.04581153
-0.053863924
0.210612953
-0.0302703381
0.488424927
0.224526331
0.282646745
0.374264926
0.611958563
-0.305366516
-0.205408961
-1.17068398
-2.1797998
0.106042318
0.264004618
0.164778829
0.110080019
0.0725034103
0.0126553131
0.129601985
0.115387
0.0847714618
0.441552907
0.15291284
0.166657835
0.230972171
-0.450494885
-0.521229804
-0.530608177
-0.575354874
-0.22653991
-0.293173671
-0.134227246
-0.099937968
-0.230641052
-0.0747607276
-0.398646474
-0.170018926
-0.3102507
-5.46028233
-5.5385952
-4.01516819
-3.67579007
-2.99691987
-3.29140878
-3.71303701
-3.89862585
-5.77541065
-7.37847328
-7.69682837
-5.86484241
-4.92147112
-0.494205475
-0.517722011
-0.468495578
-0.558574378
-0.137041554
-0.341440916
-0.4409841
-0.317026317
0.0237651002
0.251549423
-0.156058952
-0.140535876
-0.183013692
-0.1583561
0.0382858217
-0.0426885113
-0.00708451634
-0.42655769
-0.212890461
0.0262117572
0.0451849476
-0.327678621
-0.389491796
-0.109492362
-0.243404284
-0.0438322313
-0.315069467
-0.276426971
-0.254050553
-0.236801311
-0.154280156
-0.424106836
-0.157178462
0.0994866937
-0.362976938
-0.282489359
-0.258234173
-0.152350619
-0.135596454
0.209489182
0.188564599
0.205045819
0.323579133
0.00760891289
0.0265041813
0.150264189
0.0867592618
-0.341540724
0.0333299525
0.358244777
0.0531470627
-0.0372096561
-0.460838288
-0.287386119
-0.194272861
-0.201072499
-0.240571648
-0.380102813
-0.494769543
-0.400978744
-0.408323407
-0.555321872
-0.513976157
-0.324544758
-0.440473229
0.179128811
-0.197179541
-0.158675835
-0.0357567593
0.250204563
0.162098393
0.0496184975
0.0688689053
0.303086698
-0.240325823
0.181159288
0.138789594
0.0468014516
-0.180127546
0.266925901
0.270602673
0.356991172
-0.156434864
0.108096294
0.218829229
0.23387453
0.127334148
0.38040179
0.205892131
0.381904811
0.512554526
-0.199743286
-0.328048021
-0.200328216
-0.17814593
-0.220656604
-0.129669368
-0.205711171
-0.219498202
-0.0822447091
-0.153702214
-0.0320505723
0.0535665266
0.0273154918
-0.0829377845
-0.102745041
-0.0992294401
0.0211998746
-0.103299893
-0.0428875126
0.14570643
0.289322615
0.155170679
0.118556678
0.179922178
0.094852224
-0.182462797
0.0607348904
-0.449418753
-0.499736965
-0.371470809
-0.26368311
-0.221028343
-0.284977198
-0.291052252
0.0328024104
0.179859698
0.0606889836
-0.138997704
-0.233048022
0.0561347529
-0.0288574621
0.0570544563
0.144616306
0.323338747
0.0957091153
0.190078348
0.287252098
0.0183807127
0.160840929
0.18868418
0.14582482
0.10908442
-0.0291412454
-0.207104728
-0.186853364
-0.19842881
0.0898191556
0.053353861
-0.0252474956
-0.0938030779
0.182999194
0.346223146
0.169827461
0.316137373
0.058655452
0.244432971
0.30810526
0.301342517
0.235182166
0.209974572
0.300888091
0.303692698
0.238006413
0.260178566
0.228840068
0.347215116
0.138316348
0.0906549841
1.08267689
1.90807092
2.34632063
2.33246732
2.46801376
2.31605744
2.16047764
2.36574388
2.39492774
1.35245967
1.77065873
0.702344239
-0.370164156
0.0583085418
0.22200796
0.277880251
0.228179365
0.267441988
0.174270466
0.167011768
0.104219697
-0.0759740323
0.116426066
-0.130887583
-0.0868702754
-0.0194632579
0.235972181
0.0100235324
-0.116461374
-0.138055578
-0.0210301504
0.127178788
0.0795813352
-0.0183772799
-0.393145919
-0.00267655891
0.0215733163
-0.00395207666
0.250136703
0.117885299
0.00556653505
0.136650115
0.306299895
0.179757535
0.126179859
0.28864947
0.475182444
0.237759501
0.148009598
0.313665807
0.0968059599
-0.00405409886
-0.167644829
-0.0494967662
0.0466954224
-0.000893441611
-0.244258642
-0.258184433
-0.237495705
-0.227329642
0.0451329909
-0.189952746
-0.169931591
-0.239035398
-0.0818066001
-0.148997962
0.118173458
0.325820923
0.180539399
-0.0375737324
0.271043569
0.244869813
0.0981828049
-0.0225701537
-0.314801186
-0.167146057
-0.224732146
-0.0413601547
0.0529823303
0.233026996
0.293038368
0.34624061
0.221632704
0.33004418
0.775698304
0.431204617
-0.0532286204
0.315355837
0.330235749
0.480632931
0.450249761
0.442445725
-0.643417358
-1.11391413
-0.945343018
-1.12590182
-0.95421654
-0.922119379
-1.1481688
-1.07295632
-0.200395972
0.0480977297
1.24032104
2.92554402
0.0429113209
0.186513335
0.118983001
0.0861305445
0.129735872
-0.000615074532
0.0638920963
0.0825009644
0.147808805
0.112295687
0.15437679
0.210698053
0.177508652
-0.805440605
-1.33791769
-1.74247193
-1.7913028
-1.78258872
-1.87501132
-1.49808645
-1.62872636
-1.75775206
-0.887850821
-1.39557302
-0.388253957
0.20735842
0.126066744
0.022034023
0.0585068874
0.0634149238
0.221930176
0.227248073
-0.0735530332
-0.190940484
0.401875556
0.75188905
0.298537314
0.125449643
0.233491898
0.00301324599
-0.0875517353
-0.117883801
0.0268231295
0.0919079185
0.109829254
0.225199893
0.226722464
0.217493832
0.313749701
0.104237475
0.231265888
0.052542299
-0.121545434
0.106306672
0.146200597
0.0267485213
0.0462983549
0.199481308
0.296147645
0.234273508
-0.113771372
-0.0694166645
0.057442192
-0.180360526
-0.0858390257
0.166242853
0.136543855
0.291507691
0.362599343
0.215392351
0.283510178
0.348439634
0.175381705
0.0546387285
0.268166989
0.146925509
0.140378192
0.146748364
