0.577067196
0.660283029
0.703536928
0.597577095
0.959997237
0.521150529
0.751638114
0.802573502
0.703985929
0.698684037
0.560520947
0.645980835
0.574797213
0.304382414
0.110260434
0.197494522
0.0453648381
-0.37444666
-0.762490332
-0.573283613
-0.410618097
-0.266045868
-0.332836956
-0.136465937
-0.299581796
-0.62497443
-0.738749385
-0.782345116
-0.858424962
-0.750086784
-0.784844041
-0.886227787
-0.778661609
-0.686983466
-0.830186009
-0.693497777
-0.694094777
-0.736607969
-0.771750152
0.341817766
0.331448287
0.333032966
0.353352964
0.7306422
0.338337094
0.16287376
0.192972958
0.775984466
0.307547718
0.301912367
0.302304924
0.285514921
0.901432633
0.384085178
0.38806057
0.477710158
0.539968371
0.54084909
0.427447885
0.412060946
0.799114764
0.34787783
0.518305242
0.439652801
0.6330055
0.134900227
0.988715172
1.54645383
1.48309803
0.711735785
1.04543781
1.23570478
1.14835823
0.336394608
0.377370119
0.337354928
0.652968943
0.771300077
1.15869975
0.918084443
1.12731779
1.14758909
1.37937081
1.37881076
1.11843014
1.21575975
0.973468959
1.03096294
1.04186583
1.04485023
1.04615414
-0.485039741
-0.592957437
-0.697844505
-0.53691262
-0.859775901
-0.652132332
-0.673684537
-0.690935493
-0.589867294
-0.643512487
-0.537986696
-0.680028141
-0.574378967
-0.757799447
-0.855250716
-0.884945691
-0.754158139
-0.958554149
-0.886678636
-0.932954371
-0.804196358
-0.761544228
-0.719318628
-0.688793898
-0.752944648
-0.637843072
-0.0340541899
0.135439992
0.129297495
-0.0217419583
0.0447617099
0.0729570463
0.212343216
0.100357354
0.0843815356
-0.0148927728
0.0871577039
0.122123487
0.0369182043
0.126961038
0.284886479
0.472129613
0.421045929
0.437033623
0.517090499
0.48551929
0.316370249
0.0846793726
0.361386538
0.16004771
0.157141462
0.312849164
-0.693738341
-0.655263245
-0.628351867
-0.699901402
-0.745077729
-0.768640637
-0.629465282
-0.665984988
-0.67371732
-0.558642328
-0.602393746
-0.609729111
-0.340980768
0.872639
0.182798371
0.169201866
0.424984753
-0.00581649225
-0.0420174971
0.285857499
0.409397393
-0.0126386546
0.0691765025
0.162841797
0.302631587
-0.207454085
0.042822659
0.186346844
0.25790751
0.203877762
0.233739957
-0.0384383984
0.319088757
0.533470094
0.283476472
0.318261743
0.266471684
0.374714047
0.316636562
-0.708860397
-0.760107934
-0.792077065
-0.852934182
-0.844117165
-0.869847476
-0.80911535
-0.841202497
-0.744836807
-0.782953203
-0.816988707
-0.821340442
-0.884752095
-0.404830873
-0.355367333
-0.473519921
-0.572587013
-0.574520409
-0.520358801
-0.734318674
-0.491092682
-0.183213517
-1.1007551
-0.361895025
-0.435159326
-0.441890597
0.234855771
0.559109926
0.660250247
0.427528411
0.52962923
0.293439001
0.655009329
0.618269205
0.340463012
0.501231253
0.244680941
0.514655054
0.492629588
-0.84730345
-0.604390502
-0.760890126
-0.737301409
-0.836832404
-0.7454983
-0.739334881
-0.657549977
-0.656222522
-0.572061956
-0.836040318
-0.558078706
-0.574236751
-0.38241294
-0.416281998
-0.400331557
-0.413888037
-0.367240041
-0.356189787
-0.400601536
-0.42287451
-0.364906996
-0.312859952
-0.361351967
-0.398699939
-0.392858237
0.736933231
0.757040501
0.725147665
0.719501197
0.737086713
0.740418911
0.800667644
0.776272297
0.772787571
0.765852034
0.724443614
0.776929736
0.701608956
-0.91620481
-0.830922902
-0.826662898
-0.717817008
-0.975226283
-0.805351138
-0.917806506
-0.875505924
-0.734652042
-0.752427101
-0.717310786
-0.816460133
-0.570120335
-0.240298599
-0.591505766
-0.558988392
-0.410547853
-0.536168158
-0.324990511
-0.571855366
-0.645319045
-0.444911897
-0.574409962
-0.292138249
-0.535406113
-0.382697642
0.46163258
0.395478249
0.379157186
0.487663269
0.507815421
0.571624756
0.477501005
0.494467407
0.601871908
0.438312858
0.454929024
0.411626548
0.504900694
-0.408014774
-0.500243902
-0.571766019
-0.533945739
-0.631804943
-0.661184728
-0.700480878
-0.515373349
0.0203320943
0.0767209083
-0.297585726
-0.304791033
-0.323920697
0.0948031098
0.161495715
0.289316982
0.191748083
0.275241166
0.762129486
0.386895239
0.0813898519
0.0984084308
0.150394782
0.31232059
0.537114382
1.95046473
-0.560409844
-0.539751828
-0.492997557
-0.457689941
-0.584231198
-0.535474598
-0.60865593
-0.49957633
-0.431766331
-0.5909217
-0.623568356
-0.550947726
-0.597233355
1.37320173
3.21502757
5.8353138
6.69839001
7.13204718
6.93712568
4.76360607
5.16833878
4.13717985
1.11691201
1.79351509
0.26428321
-2.435745
-0.00823392719
0.392920643
0.446194828
0.183694825
0.199048281
0.107254073
0.103061661
0.0862603039
0.0957093835
0.122610226
0.108430497
0.181980476
0.506262302
-0.426073581
-0.372576475
-0.44634375
-0.408184558
-0.708292782
-0.483677059
-0.441164464
-0.437655807
-0.485521495
-0.420781881
-0.450808197
-0.439643323
-0.32158041
0.275076091
0.2030994
0.133616447
0.161428288
0.387713492
0.397502601
0.19278264
0.279938281
0.414798379
-0.247963294
0.150025189
0.267428637
0.220810741
0.763283551
0.633615375
0.815144658
0.951227009
0.88387692
0.921751082
0.763638198
0.678013265
0.734837532
1.34211719
0.847332478
0.647964776
0.835569203
-0.0468426459
0.266595304
0.521823168
0.147540212
0.663640857
0.0850673839
0.458151937
0.410274118
0.263912499
0.271985769
-0.0277790613
0.360841244
0.345092654
0.566005647
0.48857528
0.555591762
0.515809417
0.925467193
0.596382201
0.624828398
0.498831272
0.513031423
0.584925592
0.576422215
0.492845386
0.723633766
0.192481264
0.0224062335
0.00316634192
0.155965269
-0.0243220553
0.186285585
0.0107065802
-0.0527104251
0.192641586
-0.0165339373
0.122598968
0.0936488882
-0.119501896
-0.222995043
-0.312414765
-0.33596161
-0.321105272
-0.196790621
-0.153150693
-0.385917485
-0.382694036
-0.317189872
-0.143148437
-0.23990123
-0.313275814
-0.311727315
0.24616015
0.444332689
0.467984766
0.460509807
0.499262094
0.565588832
0.506618023
0.426318765
0.202272728
0.434972584
0.247351632
0.274066359
0.164298505
-0.276820809
-0.328283668
-0.401643515
-0.391117364
-0.341715246
-0.286559343
-0.372704268
-0.367439568
-0.236273676
-0.310442716
-0.339958012
-0.178910464
-0.207812116
-0.698829234
-0.626261175
-0.659892023
-0.654425025
-0.682967961
-0.662411094
-0.651137292
-0.63352561
-0.627532125
-0.697697461
-0.666705847
-0.689412832
-0.655549467
0.537929177
0.0246509761
0.0730897859
0.219158575
-0.184943005
0.300679117
0.175418213
-0.0210241955
0.14561899
0.130842671
0.48255226
0.103502363
0.417813808
5.61132717
6.22809219
5.52284765
5.42840624
4.73468113
4.73778915
5.91849566
6.02539015
6.41750479
5.93064976
5.91720772
5.96329927
4.71225595
-0.932367265
-0.7328583
-0.746190906
-0.759332597
-0.897695303
-0.736759245
-1.07432318
-0.984417081
-0.472063929
-0.780068338
-0.817721426
-0.905141532
-0.857527912
-0.597790778
-0.47657162
-0.424464256
-0.413792938
-0.604591012
-0.289166301
-0.428925902
-0.561732113
-0.447662652
-0.262638301
-0.508259475
-0.588902116
-0.357393056
0.343306243
0.862654984
0.998229563
0.349647999
0.42549935
0.574793577
0.404839098
0.375072509
0.333047867
0.379744768
0.412042409
0.331703871
0.680679321
-0.730657578
-0.880919635
-1.04330659
-1.10431135
-0.702949405
-0.81871134
-0.902425528
-0.85630399
-0.635976434
-0.527765036
-0.601251304
-0.825092435
-0.775451541
0.270203114
0.152079567
0.170516089
0.195563376
0.267243505
0.274736702
0.107123122
0.0951672345
0.116475672
0.170768052
0.133970916
0.136971891
0.123910069
0.00116383238
0.193827674
0.469945759
0.285447538
0.374179095
0.523398697
0.514639676
0.178121954
-0.2379269
0.148197591
0.0168249812
0.551105559
1.62320817
0.386509091
0.14959453
0.432235986
0.427054822
-0.228841379
-0.6061517
-0.511509418
-0.184048653
-0.125326872
-0.564188421
-0.330137819
-0.32178396
0.0659976751
-0.482290149
-0.620673895
-0.618154347
-0.534085155
-0.627478838
-0.352569371
-0.629290581
-0.733752549
-0.452126533
-0.422477067
-0.444906384
-0.492327034
-0.380997032
0.029477654
0.39795953
0.474629134
0.286413789
0.224013388
0.216564387
0.360683262
0.226168379
0.00960748363
0.405493468
0.0989093184
0.155438006
-0.0266800728
-0.755600214
-0.671148419
-0.549797118
-0.52636981
-0.645440876
-0.601099133
-0.687902093
-0.704913557
-0.65614742
-0.66909343
-0.643142343
-0.8754071
-0.574675858
-0.889492214
-0.748744071
-0.714279234
-0.718917847
-0.939634144
-0.918593168
-0.524565816
-0.478057593
-0.828311265
-0.806689858
-0.771724701
-0.675816
-0.646530211
-0.015069101
-0.213594675
-0.280035287
-0.375934809
-0.386887342
-0.23937501
-0.294528127
-0.399969757
-0.158679411
-0.289545327
-0.154897988
-0.181068256
-0.197197437
-0.549659193
-0.519805014
-0.570291996
-0.638572931
-0.310783595
-0.622186303
-0.64174366
-0.466301829
-0.361189783
-0.31061691
-0.413259327
-0.498001009
-0.456753254
0.569704056
0.451114029
0.551670313
0.569492817
1.16305935
0.462987274
0.429970771
0.502285242
1.00413954
0.658475935
0.577571154
0.538289368
0.493278295
0.0836547688
0.120350979
0.0607004762
-0.0203462075
0.365547985
0.0892360732
0.199013442
0.195908934
0.38129586
0.0538049303
0.0720078722
0.131017953
-0.320708185
0.798288703
0.718610585
0.716515243
0.738033891
0.702419102
0.53095603
0.578213334
0.759839654
0.654395044
0.611724019
0.589076757
0.658922195
0.407633781
0.778799772
0.55796355
0.587033391
0.627795219
0.515067995
0.457994431
0.459533662
0.563255548
0.353975713
0.46598196
0.463171244
0.362901717
-0.00541487243
0.381297082
0.104833379
0.150010511
0.363808155
-0.0567748025
0.130053788
0.0898129195
0.284160435
0.09666951
0.0796044543
0.199508652
0.176727518
-0.122511998
0.163483322
0.0823888034
0.350150347
0.523385227
-0.746796668
0.629360676
0.418702513
0.442805558
-1.1403141
0.293492138
0.220057577
-0.34743458
-0.142975271
0.680709183
0.424204201
0.525501549
0.662700474
0.464681506
0.355776548
0.450369567
0.207702547
-0.0190012585
-0.290961206
0.219476342
0.0752944499
0.253078759
0.0802676976
0.140671059
0.159644797
0.0784664303
0.155560121
0.146656185
0.184985921
0.200468242
0.192519724
0.302255541
0.219353542
0.162306055
0.249969229
-0.127014667
-0.184971496
-0.266582996
-0.255610615
-0.511170745
-0.240516394
-0.0941873789
-0.155947939
-0.254302263
-0.402026057
-0.246855468
0.143995747
-0.602711499
-0.423199713
-0.461589426
-0.41940254
-0.337759912
-0.235381082
-0.300765187
-0.613254428
-0.527151048
-0.370872259
-0.463101238
-0.530384064
-0.60352397
-0.61074847
-0.071476534
0.72343111
0.720418334
0.385880113
0.610510588
0.04747805
0.883112192
0.661094248
-0.0572692864
0.301669061
-0.0868245959
0.439780593
0.632286549
0.269588828
0.0412739292
0.0941107571
0.219399348
0.228316709
0.340642363
0.0830989927
0.158444583
0.269540191
0.055275593
0.249486879
0.0892043784
-0.148604423
-0.476200908
-0.530932486
-0.707936883
-0.675592601
-0.583861887
-0.637463927
-0.691470981
-0.688278198
-0.293473959
-1.01226735
-0.474014938
-0.511120379
-0.795239568
-0.297764808
-0.247800291
-0.573543429
-0.605970562
-0.0866831094
0.400301486
0.374922067
0.0261685867
0.044596795
0.431050688
0.31642288
0.227275163
-0.0308582243
-0.588031113
-0.56524992
-0.574902177
-0.571205258
-0.615055323
-0.63487196
-0.59069699
-0.550428629
-0.617291212
-0.397366136
-0.429550171
-0.54464674
-0.338063836
0.103393875
0.375812501
0.364011347
0.334052294
0.274507105
0.116708443
0.294657946
0.221216246
0.100792192
0.524078846
0.21685566
0.299316436
0.316363573
0.497544795
0.515846848
0.525468767
0.515963316
0.533251822
0.510884225
0.489962727
0.488884449
0.508134723
0.480019033
0.489797711
0.48666355
0.505147696
-0.611455619
-0.483667076
-0.474974185
-0.982882619
-0.635127962
-0.897825837
-0.360632628
-0.017788019
-0.506968975
0.0561935641
-0.348697275
-0.223503858
0.075246878
0.162375331
-0.0649677366
-0.11710836
0.0360032059
-0.227914497
-0.243782401
-0.233924404
-0.129176602
-0.392011523
-0.159800723
-0.233515471
-0.305612504
-0.742689788
0.65467155
0.596485317
0.556129694
0.640286624
0.63673085
0.593823612
0.590424895
0.595365405
0.578941047
0.659689546
0.618485451
0.656731367
0.56902355
0.950995445
0.897929668
0.844848573
0.956616759
0.967061341
0.739843428
0.817489266
0.915153801
0.772969067
0.826774418
0.815459967
0.909076214
0.720995724
-0.336134344
-0.747462034
-0.997898042
-0.965052426
-0.458615541
-0.831953049
-0.744710743
-0.674215317
-0.379337698
-0.305529714
-0.340635121
-0.581134915
-0.473557889
-0.57911247
-0.422506839
-0.443021953
-0.296595693
0.069734849
0.376330137
0.125943348
-0.0644368455
-0.17593801
-0.0831514969
-0.177202597
-0.0452907868
0.118668325
-1.01229584
-0.771186054
-1.16398406
-1.45757639
-0.483103722
-0.989271283
-1.05968368
-0.811537325
-0.44431147
-0.502765536
-0.728260577
-0.691007972
-1.16523933
0.141190439
0.137184516
0.0962764323
0.137767389
0.168989539
0.14474687
0.108618706
0.190989017
0.176224276
0.307853311
0.205026984
0.0946140364
0.138821408
-0.549528182
-0.519399583
-0.497391939
-0.553181469
-0.642620981
-0.609720945
-0.541124642
-0.607276797
-0.593357861
-0.613925517
-0.584509015
-0.560648084
-0.529625177
0.559568465
0.578828454
0.546277583
0.511455715
0.600599051
0.462829292
0.485438913
0.534393072
0.545511663
0.468716651
0.487736076
0.538212001
0.308489114
0.358531296
0.54987514
0.798555076
0.638899088
1.06723499
0.954087377
0.698966146
0.597157061
0.681740642
0.506847799
0.523222506
0.28225854
0.767346621
0.36820668
0.456616253
0.426397204
0.408581227
0.446067512
0.46213752
0.422875404
0.392123222
0.388272643
0.385792524
0.398182929
0.375521243
0.372458994
1.35342264
1.30955958
1.5128938
1.49473715
1.12420297
1.51912808
1.30378842
1.30499065
1.16101658
1.22288144
1.18159759
1.2250253
1.29355574
-0.972188294
-0.68861568
-0.536004543
-0.677996993
-0.828694522
-0.664496064
-0.756755054
-0.852268696
-0.725375175
-0.756120741
-0.825432241
-0.721707046
-0.394106984
1.25007617
-0.248618245
-0.523934782
-0.52221781
-0.168985844
-0.497139931
-0.432733297
-0.36833784
0.807007492
-0.479038328
0.179765642
-0.106098041
0.63411355
0.256079733
0.272265404
0.268834591
0.308000505
0.247844964
0.239899382
0.24082087
0.301162302
0.379902631
0.313110739
0.238672942
0.301900178
0.242786825
0.42380321
0.266195655
0.226569265
0.345307142
0.176943541
0.0777951106
0.172967196
0.253655732
0.061154291
0.228761017
0.225586161
0.153727233
0.0113146957
-0.333589017
-0.180648282
-0.34932214
-0.235130727
-0.392222852
0.0552229472
-0.104387231
-0.293345332
-0.189948291
-0.230501801
-0.395603448
0.00478628464
-0.0565427952
0.614544809
0.365627438
0.324915707
0.4988873
0.20921503
0.145130232
0.261750609
0.395816445
0.27249825
0.41791296
0.321591318
0.50108099
0.152691901
0.344479144
0.0971350968
-0.123151287
0.221790776
-0.0563416928
0.0997402817
-0.0401700102
0.163976073
0.143582448
0.117063798
0.285140544
0.0669681281
-0.133887962
0.143293902
-0.0270157438
-0.123516299
0.0462357737
0.445935041
-0.198122367
-0.0306343548
0.0838606209
0.727846801
0.920226753
0.322268128
0.18191421
0.296384275
-0.641653478
-0.754746974
-0.8896299
-0.824239731
-0.798383117
-0.814470589
-0.955690145
-0.877946496
-0.594360173
-0.683684647
-0.792927086
-0.808836281
-0.873771966
0.215722054
0.222505182
0.348089635
0.555854738
0.360841036
0.729795516
0.506291568
0.418741673
0.115554012
0.477618009
0.312214106
0.298513144
0.182438642
0.432671964
0.640143752
0.660646081
0.538210869
0.705573618
0.642632902
0.83337599
0.686428785
0.406242669
0.527275324
0.441752613
0.72858727
0.629523933
-0.367973298
0.325647324
0.54626894
0.588514328
0.998929977
0.871109188
0.659998775
0.626105249
0.667248368
0.159923375
0.220802724
-0.602575243
-1.55368745
0.261983633
0.0515724942
0.071629487
0.0618696958
-0.377435386
0.142375156
0.353234202
0.221305951
0.0413958691
0.085234113
0.408298939
0.217794225
0.425587505
0.256890148
0.121385418
-0.077338621
0.101094887
-0.11216896
-0.352242231
-0.1292063
0.262399375
0.457850218
0.18545945
0.26628235
0.41160056
0.295642853
-0.435164511
-0.267551154
-0.30041337
-0.437969148
-0.420414746
-0.303112239
-0.411224335
-0.292327672
0.0844582021
0.155779049
-0.0792008117
-0.126274168
-0.142956406
0.46964094
0.403637201
0.532004297
0.470312864
0.722578049
0.481294781
0.374423891
0.450629115
0.550338328
0.475475758
0.434610248
0.549510479
0.397637129
0.372199059
0.270819604
0.290795624
0.241888151
0.517034233
0.364583492
0.037009187
0.0405588523
0.413514733
0.319528937
0.257268131
0.00428486057
-0.186074704
0.429970771
0.373261422
0.396014631
0.249701813
0.691207588
0.256074905
0.333321244
0.169356227
0.681407034
0.0323042125
0.285022944
0.428867191
0.403224915
0.0982579514
0.0786163658
0.107422948
0.19102256
0.224032298
0.114104316
-0.0432072915
0.0192537718
0.157152519
-0.146336436
0.104597747
0.0199555457
0.0395026617
-0.508627772
-0.428947926
-0.962019265
-1.11599648
-0.278516948
0.364490539
0.576559424
0.0231271144
-0.0191692449
0.766151011
0.420159787
0.42928651
-0.0283330828
-0.160550892
-0.171769395
-0.197755411
-0.221405074
-0.299182892
-0.23533535
-0.27123785
-0.396123976
-0.555307984
-0.322233737
-0.371047705
-0.0453924052
-0.224458426
0.442472339
0.374408811
0.546077311
0.647005022
0.493379265
0.601647854
0.470449895
0.567867696
0.427161664
0.480143785
0.502471387
0.301266164
0.163781881
-0.59906441
-0.668477058
-0.674398661
-0.711140454
-0.630830467
-0.642407417
-0.750820696
-0.673975348
-0.600570142
-0.657039762
-0.693832517
-0.590607822
-0.538828015
0.0673958957
0.0681392476
-0.0408630706
0.105412699
-0.0936400592
0.255554885
-0.105802961
-0.208434001
-0.0735117272
-0.147397444
-0.129385933
0.0850315541
0.0937200561
0.0221585128
-0.162765428
-0.0258586407
-0.442088306
-1.14458907
-0.122008994
0.154161423
-0.00224105595
-1.4862783
0.106147788
-0.0766518265
0.306692451
0.213346153
-0.264747977
-0.258511931
-0.253127784
-0.186458096
-0.292233437
-0.29523626
-0.342925966
-0.277141213
-0.259478658
-0.231579512
-0.271810353
-0.25514859
-0.113921508
0.857820213
0.600149333
0.65021503
0.751448512
1.23323011
0.579715729
0.623066425
0.772798479
1.10020733
0.546284437
0.789497972
0.62354368
0.69181931
-0.228513241
-0.313085943
-0.341269672
-0.254974872
-0.370046735
-0.299011916
-0.268104732
-0.183073416
-0.292284071
-0.287645578
-0.343489498
-0.232659087
-0.623936296
-0.0752689466
-0.0601521619
-0.0808201283
0.0615125112
0.27797085
0.165858462
-0.285883904
-0.246112585
0.0570268631
-0.456481487
-0.0739319324
-0.27294594
0.239446923
0.848652065
0.687343657
1.15175855
0.665573418
1.13712108
0.941722155
0.75864321
0.653255701
0.846968293
0.733592749
0.795733511
0.724170148
0.775808394
0.220097348
0.0718029737
0.0958128124
0.249595135
-0.460196763
-0.064957805
0.27074787
0.178097159
-0.185327426
0.0859073773
0.123340622
0.142493218
0.115766793
3.83296371
3.22975111
2.43879509
1.54277325
1.64449954
1.16417468
2.66194701
2.47536039
1.82789183
3.67824149
3.9080615
3.81413913
3.53958106
-0.0462033153
0.0169238988
0.050421156
0.0125973141
0.116141424
0.045907028
-0.037374977
-0.0557399429
-0.0587878413
-0.104049236
-0.136456221
0.0415509194
0.0212712064
-0.0199264586
0.0835030079
-0.0261515602
-0.119707949
0.0980301425
0.071989961
0.126004964
-0.0648688748
0.0566374473
0.136647925
0.0269854274
0.0939551517
0.101384468
-0.355183721
-0.260108948
-0.29784289
-0.282608241
-0.267255336
-0.150691152
-0.284409851
-0.332025677
-0.0740424395
-0.254815817
-0.263935059
-0.200133383
-0.160323039
0.0869530886
0.211020678
0.081688866
0.0836697146
0.289081454
0.236315653
-0.0106798587
-0.109170198
0.515256524
0.48584801
0.276528209
0.302912802
0.306846321
-0.10021235
-0.566659093
-1.35901415
-1.74581301
-1.85605907
-1.93794
-1.03675044
-1.12122607
-0.931656301
-0.0369321592
-0.318872452
0.282459438
0.730375648
-0.807954788
-0.808310747
-0.896886766
-0.734883547
-1.43534541
-0.811406255
-0.820893764
-0.888364971
-0.774028897
-0.737344146
-0.73488456
-0.829111278
-0.96129638
0.257436842
0.467214257
0.302655935
0.214285955
0.790772676
0.274292946
0.272136658
0.36004293
0.873850644
0.43780899
0.288623631
0.669463277
0.584610641
-0.46647656
-0.545389414
-0.51355958
-0.90499872
-0.214817807
-0.607354224
-0.237466857
-0.297619224
-0.163329989
-0.15778625
-0.364528149
-0.472350866
-0.566825569
0.883886218
0.771514297
0.810039639
0.863359749
0.775445104
0.800613999
0.858196259
0.764858007
0.503914952
0.73749727
0.695960701
0.650699377
0.538782001
0.0565963276
0.100018263
0.108740553
0.0638443977
0.0123214461
0.0356896371
0.0876743123
0.150797471
0.242976218
0.700089812
0.298127323
0.273531348
0.261053741
0.312076151
0.197930768
0.213309377
0.300973773
0.0413399637
0.241651684
0.419764608
0.329749793
0.0774333179
0.102646567
0.302682996
0.298415959
0.515444756
0.507192969
0.753595948
1.00469089
0.829663455
0.747755527
0.881352723
0.648367107
0.522934139
0.437203974
0.510555267
0.467936069
0.402252227
0.577909291
-0.633841515
0.0441621803
0.0914764628
-0.200153485
0.25660646
-0.287230372
0.245335281
0.435811371
-0.114330411
0.0603536591
-0.371990889
0.0532353297
-0.13450557
0.743389904
0.62301892
0.745928288
0.947870851
0.993904829
1.06662607
0.98401624
1.0951947
0.645499647
0.64369154
0.598131657
0.819987595
0.679339826
0.493717581
0.677344918
1.17082143
1.42376268
1.47770298
1.47805917
0.754662275
0.918668866
0.973045647
0.38748312
0.738550484
0.276868731
0.368034661
-1.03232658
-0.962536931
-0.967630088
-0.965942621
-1.00383568
-0.766565561
-0.960604012
-1.05409348
-0.619141042
-0.906580269
-0.88657397
-0.895167112
-0.663778186
-0.325950235
-0.532264411
-0.570592344
-0.519112825
-0.353607297
-0.420263678
-0.546893954
-0.482933164
-0.291284651
-0.363775492
-0.359924734
-0.462766647
-0.484101713
-0.705231786
-0.610137105
-0.59206754
-0.760255814
-0.680038273
-0.718818486
-0.557064116
-0.619759142
-0.553382218
-0.569998503
-0.518636405
-0.614051998
-0.434346706
0.290134281
0.307002217
0.398875594
0.309453517
0.506650031
0.620736659
0.461528897
0.275746316
0.343245119
0.208212331
0.299221307
0.241755038
0.323423058
-0.422487348
-0.387253642
-0.416434437
-0.427288324
-0.402090251
-0.408136398
-0.411389947
-0.405792683
-0.387403727
-0.414376378
-0.40467158
-0.394844949
-0.423952729
0.206176922
0.226811364
0.0722246692
-0.101505853
0.638685942
0.379196823
-0.101630703
-0.0824559182
0.264341563
0.296626776
0.128129095
-0.0259635895
0.0548646934
0.679564953
0.484618217
0.565381467
0.691816628
0.600102484
0.743011177
0.423844397
0.274865121
0.605192363
0.450508803
0.719534218
0.293535262
0.576114953
-0.683515728
-0.697044969
-0.731727421
-0.788211644
-0.779498339
-0.717099726
-0.698957503
-0.643169582
-0.704570889
-0.674639523
-0.672920763
-0.565994084
-0.308506817
-0.813062251
-0.6933254
-0.689828396
-0.689852476
-0.951576114
-0.845063508
-0.830501258
-0.719320059
-0.60521251
-0.76744616
-0.728531539
-0.708182395
-0.679721117
-0.0248645823
0.0275267307
0.0890496522
0.116302103
-0.159615964
-0.355242223
-0.204939693
0.00447013183
-0.323000371
0.00241739582
-0.165089637
-0.0274637267
-0.247520924
0.431636423
0.517938077
0.545775294
0.468485206
0.515036643
0.37196964
0.591351628
0.60240531
0.328048617
0.430120111
0.459101319
0.6259197
0.551322639
0.425660014
0.502018452
0.507379353
0.591351688
0.254758894
0.503749788
0.628053606
0.521493375
0.346365333
0.541069746
0.334301382
0.477531552
0.478567183
0.329768568
-0.084954448
-0.0913216025
0.135555103
0.129438683
0.435846329
-0.172684833
-0.299120367
0.0923243165
-0.0364327133
0.318113834
-0.165155545
-0.0486784093
0.349935293
0.074124828
0.276766628
0.0239735898
0.362499028
0.0523012988
0.253639221
0.109715782
0.104342647
0.434666574
0.246043056
0.282914013
0.431309044
0.412469208
0.365809023
0.464130133
0.287017465
0.749145448
0.427581877
0.194016084
0.130418837
0.375875205
0.322493434
0.375257045
0.13345179
0.0738836899
-0.644802451
-0.356923074
-0.495641917
-0.604061186
-0.677872777
-0.731473923
-0.56073463
-0.49676919
-0.585676253
-0.634599447
-0.620001733
-0.552604973
-0.62156117
0.624153078
0.18880935
0.245097056
0.30287376
0.290999949
0.14717637
0.30548057
0.35125795
0.613925695
0.259925604
0.545483232
0.503957868
0.932015419
-0.342419952
-0.207550287
-0.565093815
-0.715298712
-0.761375487
-0.809866667
-0.471741617
-0.434145868
-0.13957639
-0.143340573
-0.365343422
-0.15824227
0.163364351
0.257739902
0.0918943584
0.0405767821
0.200316221
0.165833697
0.0394950584
0.111111939
0.201821387
-0.0735430345
-0.042267628
0.0409077592
0.152173877
-0.184421375
-0.0498440601
-0.326797158
-0.386111945
-0.147938281
-0.381135672
-0.445891857
-0.623196304
-0.421485037
-0.485215694
-0.349139243
-0.358937502
-0.5220806
-0.531775415
0.421337724
0.340160757
0.373599797
0.420193255
0.386704296
0.479683757
0.313416451
0.230565414
0.317937464
0.384506375
0.36283958
0.295633733
0.314681798
-0.446076244
-0.471588045
-0.593976676
-0.548829556
-0.628170609
-0.686464787
-0.682183266
-0.471048743
-0.321181089
-0.526918054
-0.457304209
-0.36400646
-0.478665739
0.730500817
0.730704665
0.649617434
0.678704977
0.679109156
0.698889017
0.716570199
0.757992506
0.700451255
0.746493995
0.707389832
0.759844661
0.680236757
-0.0177701972
-0.18771112
-0.0420431197
-0.0434955619
0.142944276
0.0114688948
-0.0702099204
-0.136934489
-0.0147253163
-0.159437522
-0.0224372782
-0.210910484
-0.124827683
-0.390756667
-0.430437773
-0.492652595
-0.567853451
-0.388649702
-0.306656957
-0.720459878
-0.497234017
-0.205451995
-1.90130162
-0.489823043
-0.594532251
-0.626136303
0.284644783
0.0226724539
0.0430721529
0.0134127634
0.447697997
0.488228768
-0.0265631657
0.0037945949
0.523635745
0.555829525
0.347120821
0.225057885
0.328335434
-0.91040355
-0.793651104
-0.954942405
-1.06907225
-0.587993801
-0.621338367
-0.698936582
-0.688623905
-0.82160008
-0.659532249
-0.700684905
-0.7382074
-1.00954664
-1.05529678
-0.639749825
-0.775652647
-0.785417736
-0.915904403
-0.862844288
-0.725133896
-0.736761987
-0.811008096
-0.688587546
-0.976964891
-0.782977879
-0.85244447
0.785516381
1.06012881
1.23697972
1.24866045
0.951243043
1.35345316
1.05998564
1.0470432
0.706748962
0.650195956
0.698798478
0.843412995
0.832835078
-0.153675437
-0.27611205
-0.17179808
-0.142704427
-0.369504392
-0.604010522
-0.665722847
-0.420442104
-0.427014947
-0.741809368
-0.533337295
-0.51336652
-0.33912012
0.303663909
0.116373375
0.0806180537
0.123765185
-0.0229229033
-0.137820765
0.103694528
0.307810426
-0.472240746
-0.501406252
0.0147118792
-0.0833779573
-0.0086921202
-0.745429337
-0.702792823
-0.709521472
-0.753275692
-0.777508855
-0.654129803
-0.68105197
-0.749934196
-0.668525636
-0.691075623
-0.704067588
-0.665682316
-0.55671984
0.338546604
0.0362312198
-0.148435876
0.0621474162
-0.386027068
-0.0855366588
-0.295259356
-0.307315886
-0.365213722
-0.486687928
-0.166641548
-0.178258568
-0.0983443037
-0.286844015
0.0210523587
-0.0842118934
-0.201453045
0.0736174211
0.109211229
0.234739721
-0.00594605692
0.0410639644
0.0956960768
-0.223406792
0.0520070642
-0.10065604
0.12881127
-0.258925021
-0.524982095
-0.696005464
-1.39140034
-1.64916694
-0.809918702
-0.780470908
-0.674420655
-0.33368811
-0.728509545
-0.370234489
-0.485873103
0.753379345
0.864836216
0.9610008
0.871209323
0.852139711
0.839125693
1.03833878
1.06322277
0.725219071
0.817482173
0.831960082
0.956038952
0.97001487
0.182748348
0.128347009
0.146013573
0.150995955
0.176713631
0.149086133
0.0655833632
0.0991526321
0.271740437
0.309146076
0.183196977
0.165630907
0.312943637
0.288556695
0.106199734
0.16213803
0.286696494
0.240234822
0.224019125
0.266563982
0.345425665
0.387826979
0.124054804
0.165725991
0.251244068
-0.249898642
-0.750766218
-0.636101663
-0.668242991
-0.739766359
-0.809669852
-0.790950537
-0.694323063
-0.643503129
-0.707049191
-0.668132424
-0.773509443
-0.694163442
-0.769913316
-0.434512436
-0.166460812
-0.231820822
-0.401627451
-0.317106962
-0.315055102
-0.0771783516
0.0118571436
-0.0621433221
0.443614721
0.000301323453
0.0413621664
-0.0829995722
-0.180406123
-0.219446748
-0.268398762
-0.243630886
-0.207342207
-0.239069074
-0.270011902
-0.22776036
-0.114435129
-0.245064273
-0.178248554
-0.224812537
-0.206457764
-0.483636111
-0.733324289
-1.01851821
-0.783873498
-0.8185817
-0.937657654
-0.545603812
-0.417140394
-0.532073736
-0.287669539
-0.380366802
-0.272012174
-0.731515706
-0.6994344
-0.465012193
-0.480439603
-0.551476955
-0.473413348
-0.452778608
-0.529873788
-0.55019635
-0.648840845
-0.49691394
-0.687102377
-0.662141263
-0.846705675
-0.284829348
-0.277089596
-0.385929465
-0.363601565
-0.171627149
-0.168616623
-0.294001758
-0.251904488
-0.031710919
-0.184042037
-0.146269679
-0.119308211
-0.183694497
-0.636822522
-0.579474926
-0.556993246
-0.514614701
-0.700959444
-0.675320864
-0.713275492
-0.702028155
-0.832589149
-0.695445538
-0.66320771
-0.753201187
-0.57012105
-0.636376798
-0.608084202
-0.664970994
-0.783855379
-0.735612035
-0.786311507
-0.615098655
-0.595936954
-0.721605062
-0.503773749
-0.598002851
-0.537593424
-0.386217237
0.380049497
0.41174382
0.452243567
0.28293398
0.152521864
0.353152543
0.424733043
0.371290714
0.274466664
0.312961787
0.366081417
0.488320798
0.474531323
0.491438061
0.0847112164
0.0561752953
0.298785806
0.4843086
0.549777746
0.148032621
-0.00104278373
-0.0083113201
-0.449116796
0.0527094863
-0.219654888
-0.243789703
-0.744111598
-0.587660491
-0.595492482
-0.579033256
-0.569813907
-0.517015994
-0.57305938
-0.675981939
-0.560492456
-0.622308016
-0.604931533
-0.639423549
-0.42054835
-0.303618461
-0.10124059
-0.00286052865
-0.0730585605
-0.427682191
-0.592393875
-0.38893041
-0.225334898
-0.318904519
-0.409342468
-0.445087761
-0.255414188
-0.180283546
-0.813906968
-0.830019951
-0.795573652
-0.844891667
-0.947525501
-0.642715216
-0.892306447
-0.826772988
-0.8281582
-0.882950187
-0.655390143
-0.624658525
-0.463401496
-0.248697534
-0.480623275
-0.639384449
-0.894420147
0.0351660252
-1.08500338
-0.658691466
-0.691210091
0.623992622
-0.362460256
-0.0222845729
-0.313521981
-0.141841516
-0.207183406
-0.367986023
-0.315421134
-0.147647411
-0.363563716
-0.00986757223
-0.394422799
-0.347271353
-0.0831779391
-0.265872717
-0.173067927
-0.407159925
-0.385026783
-0.785021365
-0.714194179
-0.717351437
-0.762991011
-0.728437185
-0.761517704
-0.748893023
-0.701081395
-0.680048585
-0.709824324
-0.694748282
-0.680615425
-0.64028585
0.574712694
0.712887466
0.883414745
0.788816452
0.645777822
0.439928234
0.689555883
0.642688036
0.487445116
0.524083436
0.446599811
0.516187429
0.600023389
-0.379258066
-0.367876619
-0.339396328
-0.306082875
-0.411258072
-0.488992006
-0.528369367
-0.422090948
-0.450878352
-0.628146946
-0.419993252
-0.48498708
-0.588313341
-0.0699765533
-0.266358197
-0.328392446
-0.205036357
-0.321958095
-0.178396136
-0.261957467
-0.314332783
-0.0347468294
-0.0358103774
0.0396097414
-0.260996819
-0.294594228
-0.615308523
-0.417933583
-0.595786095
-0.314791024
-0.910996616
-0.750883579
-0.407002568
-0.236609444
-0.456078798
-0.406514168
-0.541264832
0.0425920747
0.101137295
0.558032572
0.55146724
0.59874779
0.603779852
0.588868201
0.599038243
0.590236127
0.783668578
0.489680409
0.519697011
0.557446599
0.590708733
0.644361973
-0.233356178
0.0223130193
0.393849492
0.306962341
0.203478903
0.293503463
0.340423375
0.122961551
-0.566232562
0.0105562741
-0.225144565
-0.0611020438
-0.059238784
-0.534049332
0.0752972737
-0.04743075
-0.142737865
-0.0338910669
0.163167834
0.112225309
0.0389647037
-0.434913844
0.0378666148
-0.359866142
-0.342758
-0.794115186
-0.863398671
-0.826847374
-0.870503008
-0.917322934
-0.815007448
-0.928480268
-0.957142949
-0.833388805
-0.756247759
-0.726046562
-0.733367026
-0.774752676
-0.646506667
0.424771547
0.283822089
0.823907316
0.688937008
1.00240958
0.676484525
0.711220443
0.235254303
0.62104851
-0.0772834495
0.369195789
0.19661434
0.310747981
-0.548945248
-0.665714562
-0.702851772
-0.665815711
-0.702951014
-0.610116422
-0.630497277
-0.650806069
-0.646547854
-0.569917321
-0.60704416
-0.568912446
-0.593787611
0.59308368
0.533817291
0.586899996
0.454416811
0.519614935
0.371787757
0.966603458
0.654281676
0.467197806
0.458688647
0.668845892
0.64626199
0.727169633
0.886595786
0.551651657
0.530533075
0.701479197
0.484227747
0.302447051
0.540632188
0.694539011
0.340525419
0.54360038
0.47229442
0.7125054
0.304464728
0.235411033
-0.0137492223
0.0388538353
0.125873834
0.23960188
0.0339199007
-0.0366338044
-0.0394917093
0.132941067
0.475630134
0.129042894
0.073239103
0.0257348157
0.000161696109
-0.200953707
-0.180603564
-0.0433710143
-0.256400704
-0.3905361
-0.379153639
-0.258279681
-0.591385782
-0.242765367
-0.171798572
-0.213481605
-0.586111486
0.621704578
0.564362288
0.530558407
0.682874739
0.623489559
0.548487365
0.614611387
0.683527052
0.355472237
0.63216567
0.483427167
0.715352118
0.132553712
-0.627626061
-0.452511758
-0.446283668
-0.58803308
-0.489312112
-0.350071669
-0.645602345
-0.550143778
-0.0820775852
-0.407763094
-0.313436896
-0.44746846
-0.445025712
-0.911765337
-0.63099128
-0.654353738
-0.603887677
-0.897990406
-0.933454514
-0.678183794
-0.374950886
-0.670112729
-0.639457047
-0.835080206
-0.581674635
-0.585394681
-0.505740762
-0.423825383
-0.486195326
-0.504141927
-0.487319022
-0.391351551
-0.422734886
-0.487233728
-0.493606508
-0.511308372
-0.493048549
-0.518843114
-0.574076295
0.000934146985
-0.0101264408
-0.18259199
0.0949193165
0.0319865979
-0.315607905
0.130012855
0.172915682
-0.10663873
0.0151207121
0.2197932
0.108152933
-0.170199722
0.141865283
0.376694471
0.723857641
0.24849391
0.726346731
2.30900979
1.14285254
0.0214214325
0.124171346
0.142877728
0.184809089
0.0149301048
0.268906623
0.0291183144
0.84561795
0.926553726
-0.0558027662
-0.185499102
-0.046808213
0.0254798066
-0.158588052
-0.0032626735
-0.129440367
-0.0460432768
-0.0039208075
0.488184959
-0.728796542
-0.876727462
-0.826497853
-0.693801999
-1.21538675
-0.847182751
-0.709934354
-0.766974151
-0.919287026
-0.99262327
-0.781957507
-0.645548344
-0.549727976
0.647847474
0.633105934
0.846634269
0.705803275
1.05486071
2.49981356
0.586690307
0.622960567
0.689815104
0.746003509
0.669766963
0.574514449
0.412653774
-0.385384232
-0.372143
-0.395932555
-0.393048227
-0.394194752
-0.440387636
-0.366460115
-0.356063962
-0.391890973
-0.315334827
-0.350099236
-0.355713814
-0.351961523
0.0366409048
0.29659915
0.362031609
0.185403585
0.102936119
-0.166203469
0.371348172
0.202746525
-0.248586804
0.109136514
-0.0490271188
0.0415534452
0.263592184
0.458800107
0.373056561
0.432021558
0.612138391
0.323262006
0.522914827
0.42131564
0.389822632
0.268712103
0.410226315
0.390168369
0.390421361
0.438077033
-0.82834214
-0.54064858
-0.348853946
-0.27247721
-0.413018525
-0.356528103
-0.212150723
-0.359651327
-0.412147939
-0.743402243
-0.7281757
-0.227389082
-0.307513595
-0.601056993
-0.663140476
-0.650742471
-0.579256773
-0.684357166
-0.672854364
-0.719525933
-0.695894003
-0.677606642
-0.742551625
-0.655840218
-0.741312504
-0.713193715
-0.833642721
-0.681827903
-0.830557823
-0.732279241
-0.76898247
-0.392143905
-0.693198323
-0.795767009
-0.104274914
-0.65500176
-0.60000366
-0.521991313
-0.199461296
0.516819894
0.574241579
0.504406512
0.474093676
0.51688081
0.396442682
0.4078722
0.460000187
0.445875317
0.567076921
0.449105591
0.520821869
0.467103183
0.287694663
0.334831029
0.407329381
0.374854624
0.225568622
0.237937525
0.343757004
0.29530108
0.177571595
0.502393901
0.267384768
0.290993363
0.31676507
0.260761708
0.350112259
0.264297634
0.259657294
0.340244532
0.176431641
0.170711905
0.252072394
0.276299
0.222481534
0.195274547
0.212383017
0.102730557
-0.600195467
-0.479408532
-0.395003676
-0.55610466
-0.372064412
-0.618168652
-0.369022757
-0.711100459
-0.760161281
-0.497185886
-0.526307046
-0.566645563
-0.17193836
-0.383431435
-0.380900532
-0.324734628
-0.381436586
-0.335849226
-0.228328973
-0.377173334
-0.418654412
-0.485790521
-0.391204745
-0.297402024
-0.544910729
-0.174362287
0.130388498
-0.991330743
-1.21048653
0.264292836
0.154810071
0.0260167439
-0.0859870836
0.192476124
-0.0579229817
-0.0696087331
0.0692936778
0.0753971189
-0.717692673
0.547087431
0.533972085
0.616803825
0.72630775
0.367591798
0.555770338
0.627334714
0.561889946
0.26475206
0.28581202
0.412126511
0.479619265
0.501301527
1.35712361
1.08573353
1.00703144
1.1220727
1.10771954
1.15694654
1.00120771
1.03889966
1.1570226
1.01155674
1.43601167
0.964486241
1.2807492
-0.485594988
-0.165657699
-0.179957792
-0.181502879
-0.266215175
-0.400026113
-0.248409629
-0.122655541
-0.227510065
-0.0741355047
-0.353917599
-0.244446531
-0.335685432
-0.277252972
-0.390002817
-0.605491281
-0.507312596
-0.655662656
-0.597750306
-0.451273233
-0.534130871
-0.470412493
-0.423978388
-0.293818563
-0.485682577
-0.341573894
-0.490958273
-0.368428022
-0.365594417
-0.191825077
0.0648700595
0.4985542
0.188426435
0.00913138594
-0.048774194
0.071945481
-0.0492511317
0.00970408227
0.290929705
0.545012534
0.523505211
0.505151153
0.557061911
0.955759883
0.368837267
0.338595808
0.376745313
1.10677922
0.609756887
0.60215956
0.472784102
0.662947357
-0.723065972
0.186991632
0.561420023
0.561098337
1.22512937
1.00191998
0.581795692
0.687766552
0.888243675
0.0696993843
0.208138302
-1.45070398
-3.81857586
0.562960684
0.940450847
1.11967266
0.970663905
0.846604049
0.819126427
0.697382152
0.656060517
0.45651406
0.608292878
0.515468478
0.521478474
1.01040816
-0.547367573
-1.54046476
-2.05701709
-1.01995337
-1.29443347
-0.582487881
-0.389163256
-0.338273257
-0.339097112
-0.102631941
-0.412528753
-0.311483502
-0.970572412
-3.87487531
-3.74184179
-2.98094845
-2.84512067
-3.01226163
-3.03917575
-3.35150886
-3.33887219
-4.11329699
-4.1447463
-4.05595827
-4.05931759
-2.94850039
-0.343046367
-0.380531549
-0.437572539
-0.49489361
-0.278818965
-0.398084372
-0.442307413
-0.364189923
-0.121092796
-0.129445896
-0.185595855
-0.251465976
-0.276973099
-0.740739226
-0.573055327
-0.676442444
-0.612890482
-1.0327493
-0.831768751
-0.617749333
-0.640107393
-0.809467256
-0.827840507
-0.719108999
-0.785679758
-0.664583981
0.110920146
0.0838802978
0.0264252387
0.0405442193
0.0834059715
-0.0780942142
0.0836738572
0.232169688
0.0758014917
0.099203676
0.159041584
0.131615952
0.142887577
0.035846483
0.117794089
0.153440982
0.223400012
0.0133483969
0.0616983138
0.119637825
0.0261703413
-0.0623362586
0.178239435
0.216061845
0.0859255046
-5.15893262e-05
-0.656043351
-0.427010477
-0.319894463
-0.384397238
-0.416421294
-0.50042367
-0.555473268
-0.53600055
-0.457432777
-0.684090316
-0.613034546
-0.410805404
-0.505963743
0.710796177
0.38178578
0.394005537
0.422182202
0.500282407
0.518568754
0.444396168
0.42371279
0.718215287
0.369782656
0.483768761
0.460680723
0.544701457
0.238187179
0.547042251
0.599617898
0.794533253
0.228222683
0.547463715
0.602123737
0.568282068
0.571783006
0.567273259
0.463072509
0.654642582
0.792966962
0.311454892
0.0789247826
0.0771479905
0.348202795
0.345979422
0.52267158
0.208219439
0.256566584
0.531160295
0.204703569
0.378618747
0.397133708
0.309375107
-0.314997613
-0.398023069
-0.398978502
-0.264883637
-0.382285327
-0.279968083
-0.293096095
-0.199765652
-0.253744453
-0.203931496
-0.24987565
-0.297925442
-0.357159138
-0.0538149066
-0.517394602
-0.690389037
-0.379011929
-0.28607142
-0.0784874484
-0.512681544
-0.441939324
0.0106392484
-0.149253398
0.0805637687
-0.308390498
-0.384318054
-0.115725361
-0.0322228931
-0.00227281265
0.0436450206
0.0394740403
-0.0480513908
0.00549730286
0.00743845478
-0.0308880694
0.0100825569
0.0398208238
0.0374001749
0.232795089
0.232559547
0.126827613
0.0683585331
0.0701304302
0.30683136
0.349427402
0.15790756
0.157287076
0.429485768
0.577688932
0.392221659
0.3917557
0.230211154
-0.0133975325
-0.0204629358
0.0517940558
0.0202045348
0.0513723344
0.182294145
-0.00644066511
-0.0959549323
0.0605113283
-0.0894008428
0.00625493098
-0.154027358
-0.126943141
0.468992591
1.50477529
3.0510385
3.64982271
4.00510788
3.93574047
2.37396622
2.64077091
2.20825672
0.353356719
0.867203236
-0.085510157
-0.780134976
0.164215967
0.35615176
0.410566002
0.509978294
0.794650793
0.638754129
0.286169142
0.305036843
0.339799464
0.274568915
0.179694444
0.0440664105
0.166803256
0.200630501
-0.14622429
-0.274018914
-0.12796782
-0.125145257
-0.133248314
-0.173160613
-0.0930591971
-0.243612915
-0.138279423
-0.0740732327
-0.0934407264
-0.320414841
0.216315195
0.373540461
0.622734487
0.576719403
0.441370219
0.41238305
0.438625455
0.530414045
0.490534246
0.249614015
0.437738568
0.104648069
0.34291178
-0.583631277
-0.42042768
-0.465806454
-0.589687824
-1.06765378
-0.92193526
-0.685370743
-0.768768728
-0.565882206
-0.807861447
-0.586567998
-0.512621164
-0.323880166
0.285038024
0.494286716
0.817502737
0.418140411
0.553820431
1.86912441
1.0925597
0.219120756
0.213520586
-0.00172782596
0.18310754
0.0436518453
0.178223044
0.471805751
0.481253952
0.505466819
0.555354893
0.4971928
0.589342415
0.698095024
0.540380418
0.402564287
0.678658724
0.511329651
0.569119155
0.587193906
0.792147934
-0.722040236
-1.64961517
-1.52156436
-2.31527972
-1.9691509
-1.57510602
-1.81934059
-1.54761827
-0.50499469
-0.0460096374
2.66802073
8.32405281
0.804098666
0.674518943
0.613884211
0.782445014
0.639297247
0.544072866
0.553864419
0.708609819
0.457701057
0.613178432
0.659708798
0.702784359
0.393306494
-0.463643789
-0.831878424
-1.5263828
-1.83786869
-1.91806495
-1.98308158
-1.20797944
-1.29398632
-1.11632001
-0.378794342
-0.653943121
-0.0798595101
0.356006593
-0.594271958
-0.60648793
-0.595576882
-0.584703565
-0.477974296
-0.450827271
-0.673467338
-0.742461324
-0.401619375
-0.365212649
-0.534164846
-0.567808092
-0.53080833
-0.481623769
-0.745885253
-0.813046634
-0.475821495
-0.510053813
-0.437206805
-0.417312771
-0.429037422
-0.417349905
-0.420905888
-0.476818383
-0.426122367
-0.610900402
-0.0834475681
0.258197099
0.275433153
0.0480841585
0.149416432
0.463600636
0.531657636
0.318786263
-0.0179415289
-0.166550189
0.0128788082
0.0595984161
0.135635167
-0.337173045
-0.379061133
-0.201936319
-0.146604136
-0.169084385
-0.0773300529
-0.13988778
-0.302157819
-0.268218249
-0.209379286
-0.30777064
-0.365930527
-0.439837009
