-9.03706496e-06
2.27107048e-05
5.8269914e-05
6.22968801e-05
8.25245879e-05
0.00011050242
8.28250631e-05
0.000122107958
6.81228848e-05
8.1997925e-05
6.51309747e-05
3.28545393e-05
2.14404681e-05
-2.20452075e-05
-1.56331062e-05
8.04366027e-06
-6.02202053e-05
-2.85903116e-05
-2.84599264e-05
-0.000102980179
-0.000123417165
-0.000120859913
-0.000152098757
-0.000154076173
-0.000208046695
-0.000201728471
-0.000160868251
-0.000143580546
-0.000137783762
-0.000161459669
-0.00016102317
-0.00017929032
-0.000212869127
-0.000182283417
-0.000206130411
-0.000195492961
-0.000220417831
-0.000222000424
-0.000292083801
-0.000336921454
-0.000337228295
-0.000359785918
-0.000365545158
-0.000372269278
-0.000356322766
-0.000403427082
-0.000409698405
-0.00039826025
-0.000416035531
-0.000452733599
-0.00044347212
-0.000460903277
-0.000474749308
-0.000444246951
-0.000529588899
-0.000519292429
-0.000553496007
-0.000526336546
-0.000536426378
-0.000579207554
-0.000580127817
-0.000620153267
-0.000609367795
-0.000598751416
-0.000646256143
-0.00066889188
-0.00070199027
-0.000697799842
-0.000724251091
-0.000715603528
-0.000767342222
-0.000743787969
-0.000775496475
-0.000782841584
-0.000788114674
-0.000785707554
-0.000812150713
-0.000773098087
-0.000778706861
-0.000792979728
-0.000795272295
-0.000781736977
-0.000792418257
-0.000765489996
-0.000791337457
-0.000765116652
-0.00075893657
-0.000759047805
-0.000801398186
-0.000764544471
-0.000780896749
-0.000749911705
-0.000769001606
-0.000752968073
-0.000786928227
-0.000766425859
-0.000754095032
-0.000776114233
-0.000759121438
-0.000764649478
-0.000762186013
-0.000745595607
-0.000800945796
-0.00076865562
-0.000804440002
-0.000783593627
-0.000763153133
-0.000757505244
-0.000757752918
-0.000743248092
-0.00072418683
-0.00070418074
-0.000740793184
-0.000740226358
-0.000731438282
-0.00071722304
-0.000727604667
-0.000728326035
-0.000748247257
-0.000723809644
-0.00076169899
-0.000721481687
-0.000696097268
-0.000680164318
-0.000691566907
-0.000676344731
-0.000645937806
-0.000636784942
-0.000621672254
-0.000590843149
-0.000603776192
-0.000603295164
-0.000606128422
-0.000545732328
-0.000559835054
-0.0005492575
-0.000531842525
-0.000528375967
-0.000568915159
-0.000585917383
-0.000583807996
-0.000571138225
-0.000605808455
-0.000570701959
-0.00055215793
-0.00056106894
-0.000601861684
-0.000584769936
-0.000621015439
-0.000589802512
-0.00058919919
-0.000597219972
-0.000594281242
-0.000561937573
-0.000531717495
-0.000500333612
-0.000532010512
-0.000527671946
-0.00055511517
-0.000555496488
-0.000581303088
-0.00059642829
-0.000582786684
-0.000583921908
-0.000563289621
-0.000512240571
-0.000534461404
-0.000456515641
-0.000477679452
-0.000477049907
-0.000482798467
-0.000511978869
-0.000543468108
-0.000530103687
-0.000554196362
-0.000549568853
-0.000550537719
-0.000555683218
-0.0005616899
-0.000540085603
-0.000559327425
-0.000534082414
-0.000500321214
-0.000451410335
-0.00044598151
-0.000430386805
-0.000385333638
-0.000340285216
-0.000361643295
-0.000325324392
-0.000304574962
-0.0002869202
-0.000262602465
-0.000229331141
-0.00024391312
-0.000185370751
-0.000178164162
-0.000164007128
-0.000153253757
-0.000134416972
-0.00012134666
-8.04763622e-05
-9.5918811e-05
-6.18291015e-05
-4.01315556e-05
-1.3286478e-05
-5.46410183e-06
1.46540888e-05
